/*--------------------------------*- C++ -*----------------------------------*\
  =========                 |
  \\      /  F ield         | OpenFOAM: The Open Source CFD Toolbox
   \\    /   O peration     | Website:  https://openfoam.org
    \\  /    A nd           | Version:  9
     \\/     M anipulation  |
\*---------------------------------------------------------------------------*/
FoamFile
{
    format      ascii;
    class       labelList;
    note        "nPoints:8640  nCells:6745  nFaces:22034  nInternalFaces:18436";
    location    "constant/polyMesh";
    object      neighbour;
}
// * * * * * * * * * * * * * * * * * * * * * * * * * * * * * * * * * * * * * //


18436
(
1
5
55
2
6
56
3
7
57
4
8
58
9
59
6
10
60
7
11
61
8
12
62
9
13
63
14
64
11
15
65
12
16
66
13
17
67
14
18
68
19
69
16
20
70
17
21
71
18
22
72
19
23
73
24
74
21
25
75
22
26
76
23
27
77
24
28
78
29
79
26
30
80
27
31
81
28
32
82
29
33
83
34
84
31
35
85
32
36
86
33
37
87
34
38
88
39
89
36
40
90
37
41
91
38
42
92
39
43
93
44
94
41
45
95
42
46
96
43
47
97
44
48
98
49
99
46
50
100
47
51
101
48
52
102
49
53
103
54
104
51
105
1045
52
106
1046
53
107
1047
54
108
1048
109
1049
56
60
110
57
61
111
58
62
112
59
63
113
64
114
61
65
115
62
66
116
63
67
117
64
68
118
69
119
66
70
120
67
71
121
68
72
122
69
73
123
74
124
71
75
125
72
76
126
73
77
127
74
78
128
79
129
76
80
130
77
81
131
78
82
132
79
83
133
84
134
81
85
135
82
86
136
83
87
137
84
88
138
89
139
86
90
140
87
91
141
88
92
142
89
93
143
94
144
91
95
145
92
96
146
93
97
147
94
98
148
99
149
96
100
150
97
101
151
98
102
152
99
103
153
104
154
101
105
155
102
106
156
103
107
157
104
108
158
109
159
106
160
1290
107
161
1291
108
162
1292
109
163
1293
164
1294
111
115
165
112
116
166
113
117
167
114
118
168
119
169
116
120
170
117
121
171
118
122
172
119
123
173
124
174
121
125
175
122
126
176
123
127
177
124
128
178
129
179
126
130
180
127
131
181
128
132
182
129
133
183
134
184
131
135
185
132
136
186
133
137
187
134
138
188
139
189
136
140
190
137
141
191
138
142
192
139
143
193
144
194
141
145
195
142
146
196
143
147
197
144
148
198
149
199
146
150
200
147
151
201
148
152
202
149
153
203
154
204
151
155
205
152
156
206
153
157
207
154
158
208
159
209
156
160
210
157
161
211
158
162
212
159
163
213
164
214
161
215
1535
162
216
1536
163
217
1537
164
218
1538
219
1539
166
170
220
167
171
221
168
172
222
169
173
223
174
224
171
175
225
172
176
226
173
177
227
174
178
228
179
229
176
180
230
177
181
231
178
182
232
179
183
233
184
234
181
185
235
182
186
236
183
187
237
184
188
238
189
239
186
190
240
187
191
241
188
192
242
189
193
243
194
244
191
195
245
192
196
246
193
197
247
194
198
248
199
249
196
200
250
197
201
251
198
202
252
199
203
253
204
254
201
205
255
202
206
256
203
207
257
204
208
258
209
259
206
210
260
207
211
261
208
212
262
209
213
263
214
264
211
215
265
212
216
266
213
217
267
214
218
268
219
269
216
270
1780
217
271
1781
218
272
1782
219
273
1783
274
1784
221
225
275
222
226
276
223
227
277
224
228
278
229
279
226
230
280
227
231
281
228
232
282
229
233
283
234
284
231
235
285
232
236
286
233
237
287
234
238
288
239
289
236
240
290
237
241
291
238
242
292
239
243
293
244
294
241
245
295
242
246
296
243
247
297
244
248
298
249
299
246
250
300
247
251
301
248
252
302
249
253
303
254
304
251
255
305
252
256
306
253
257
307
254
258
308
259
309
256
260
310
257
261
311
258
262
312
259
263
313
264
314
261
265
315
262
266
316
263
267
317
264
268
318
269
319
266
270
320
267
271
321
268
272
322
269
273
323
274
324
271
325
2025
272
326
2026
273
327
2027
274
328
2028
329
2029
276
280
330
277
281
331
278
282
332
279
283
333
284
334
281
285
335
282
286
336
283
287
337
284
288
338
289
339
286
290
340
287
291
341
288
292
342
289
293
343
294
344
291
295
345
292
296
346
293
297
347
294
298
348
299
349
296
300
350
297
301
351
298
302
352
299
303
353
304
354
301
305
355
302
306
356
303
307
357
304
308
358
309
359
306
310
360
307
311
361
308
312
362
309
313
363
314
364
311
315
365
312
316
366
313
317
367
314
318
368
319
369
316
320
370
317
321
371
318
322
372
319
323
373
324
374
321
325
375
322
326
376
323
327
377
324
328
378
329
379
326
380
2270
327
381
2271
328
382
2272
329
383
2273
384
2274
331
335
385
332
336
386
333
337
387
334
338
388
339
389
336
340
390
337
341
391
338
342
392
339
343
393
344
394
341
345
395
342
346
396
343
347
397
344
348
398
349
399
346
350
400
347
351
401
348
352
402
349
353
403
354
404
351
355
405
352
356
406
353
357
407
354
358
408
359
409
356
360
410
357
361
411
358
362
412
359
363
413
364
414
361
365
415
362
366
416
363
367
417
364
368
418
369
419
366
370
420
367
371
421
368
372
422
369
373
423
374
424
371
375
425
372
376
426
373
377
427
374
378
428
379
429
376
380
430
377
381
431
378
382
432
379
383
433
384
434
381
435
2515
382
436
2516
383
437
2517
384
438
2518
439
2519
386
390
440
387
391
441
388
392
442
389
393
443
394
444
391
395
445
392
396
446
393
397
447
394
398
448
399
449
396
400
450
397
401
451
398
402
452
399
403
453
404
454
401
405
455
402
406
456
403
407
457
404
408
458
409
459
406
410
460
407
411
461
408
412
462
409
413
463
414
464
411
415
465
412
416
466
413
417
467
414
418
468
419
469
416
420
470
417
421
471
418
422
472
419
423
473
424
474
421
425
475
422
426
476
423
427
477
424
428
478
429
479
426
430
480
427
431
481
428
432
482
429
433
483
434
484
431
435
485
432
436
486
433
437
487
434
438
488
439
489
436
490
2760
437
491
2761
438
492
2762
439
493
2763
494
2764
441
445
495
442
446
496
443
447
497
444
448
498
449
499
446
450
500
447
451
501
448
452
502
449
453
503
454
504
451
455
505
452
456
506
453
457
507
454
458
508
459
509
456
460
510
457
461
511
458
462
512
459
463
513
464
514
461
465
515
462
466
516
463
467
517
464
468
518
469
519
466
470
520
467
471
521
468
472
522
469
473
523
474
524
471
475
525
472
476
526
473
477
527
474
478
528
479
529
476
480
530
477
481
531
478
482
532
479
483
533
484
534
481
485
535
482
486
536
483
487
537
484
488
538
489
539
486
490
540
487
491
541
488
492
542
489
493
543
494
544
491
545
3005
492
546
3006
493
547
3007
494
548
3008
549
3009
496
500
550
497
501
551
498
502
552
499
503
553
504
554
501
505
555
502
506
556
503
507
557
504
508
558
509
559
506
510
560
507
511
561
508
512
562
509
513
563
514
564
511
515
565
512
516
566
513
517
567
514
518
568
519
569
516
520
570
517
521
571
518
522
572
519
523
573
524
574
521
525
575
522
526
576
523
527
577
524
528
578
529
579
526
530
580
527
531
581
528
532
582
529
533
583
534
584
531
535
585
532
536
586
533
537
587
534
538
588
539
589
536
540
590
537
541
591
538
542
592
539
543
593
544
594
541
545
595
542
546
596
543
547
597
544
548
598
549
599
546
600
3250
547
601
3251
548
602
3252
549
603
3253
604
3254
551
555
605
552
556
606
553
557
607
554
558
608
559
609
556
560
610
557
561
611
558
562
612
559
563
613
564
614
561
565
615
562
566
616
563
567
617
564
568
618
569
619
566
570
620
567
571
621
568
572
622
569
573
623
574
624
571
575
625
572
576
626
573
577
627
574
578
628
579
629
576
580
630
577
581
631
578
582
632
579
583
633
584
634
581
585
635
582
586
636
583
587
637
584
588
638
589
639
586
590
640
587
591
641
588
592
642
589
593
643
594
644
591
595
645
592
596
646
593
597
647
594
598
648
599
649
596
600
650
597
601
651
598
602
652
599
603
653
604
654
601
655
3495
602
656
3496
603
657
3497
604
658
3498
659
3499
606
610
660
607
611
661
608
612
662
609
613
663
614
664
611
615
665
612
616
666
613
617
667
614
618
668
619
669
616
620
670
617
621
671
618
622
672
619
623
673
624
674
621
625
675
622
626
676
623
627
677
624
628
678
629
679
626
630
680
627
631
681
628
632
682
629
633
683
634
684
631
635
685
632
636
686
633
637
687
634
638
688
639
689
636
640
690
637
641
691
638
642
692
639
643
693
644
694
641
645
695
642
646
696
643
647
697
644
648
698
649
699
646
650
700
647
651
701
648
652
702
649
653
703
654
704
651
655
705
652
656
706
653
657
707
654
658
708
659
709
656
710
3740
657
711
3741
658
712
3742
659
713
3743
714
3744
661
665
715
662
666
716
663
667
717
664
668
718
669
719
666
670
720
667
671
721
668
672
722
669
673
723
674
724
671
675
725
672
676
726
673
677
727
674
678
728
679
729
676
680
730
677
681
731
678
682
732
679
683
733
684
734
681
685
735
682
686
736
683
687
737
684
688
738
689
739
686
690
740
687
691
741
688
692
742
689
693
743
694
744
691
695
745
692
696
746
693
697
747
694
698
748
699
749
696
700
750
697
701
751
698
702
752
699
703
753
704
754
701
705
755
702
706
756
703
707
757
704
708
758
709
759
706
710
760
707
711
761
708
712
762
709
713
763
714
764
711
765
3985
712
766
3986
713
767
3987
714
768
3988
769
3989
716
720
770
717
721
771
718
722
772
719
723
773
724
774
721
725
775
722
726
776
723
727
777
724
728
778
729
779
726
730
780
727
731
781
728
732
782
729
733
783
734
784
731
735
785
732
736
786
733
737
787
734
738
788
739
789
736
740
790
737
741
791
738
742
792
739
743
793
744
794
741
745
795
742
746
796
743
747
797
744
748
798
749
799
746
750
800
747
751
801
748
752
802
749
753
803
754
804
751
755
805
752
756
806
753
757
807
754
758
808
759
809
756
760
810
757
761
811
758
762
812
759
763
813
764
814
761
765
815
762
766
816
763
767
817
764
768
818
769
819
766
820
4230
767
821
4231
768
822
4232
769
823
4233
824
4234
771
775
825
772
776
826
773
777
827
774
778
828
779
829
776
780
830
777
781
831
778
782
832
779
783
833
784
834
781
785
835
782
786
836
783
787
837
784
788
838
789
839
786
790
840
787
791
841
788
792
842
789
793
843
794
844
791
795
845
792
796
846
793
797
847
794
798
848
799
849
796
800
850
797
801
851
798
802
852
799
803
853
804
854
801
805
855
802
806
856
803
807
857
804
808
858
809
859
806
810
860
807
811
861
808
812
862
809
813
863
814
864
811
815
865
812
816
866
813
817
867
814
818
868
819
869
816
820
870
817
821
871
818
822
872
819
823
873
824
874
821
875
4475
822
876
4476
823
877
4477
824
878
4478
879
4479
826
830
880
827
831
881
828
832
882
829
833
883
834
884
831
835
885
832
836
886
833
837
887
834
838
888
839
889
836
840
890
837
841
891
838
842
892
839
843
893
844
894
841
845
895
842
846
896
843
847
897
844
848
898
849
899
846
850
900
847
851
901
848
852
902
849
853
903
854
904
851
855
905
852
856
906
853
857
907
854
858
908
859
909
856
860
910
857
861
911
858
862
912
859
863
913
864
914
861
865
915
862
866
916
863
867
917
864
868
918
869
919
866
870
920
867
871
921
868
872
922
869
873
923
874
924
871
875
925
872
876
926
873
877
927
874
878
928
879
929
876
930
4720
877
931
4721
878
932
4722
879
933
4723
934
4724
881
885
935
882
886
936
883
887
937
884
888
938
889
939
886
890
940
887
891
941
888
892
942
889
893
943
894
944
891
895
945
892
896
946
893
897
947
894
898
948
899
949
896
900
950
897
901
951
898
902
952
899
903
953
904
954
901
905
955
902
906
956
903
907
957
904
908
958
909
959
906
910
960
907
911
961
908
912
962
909
913
963
914
964
911
915
965
912
916
966
913
917
967
914
918
968
919
969
916
920
970
917
921
971
918
922
972
919
923
973
924
974
921
925
975
922
926
976
923
927
977
924
928
978
929
979
926
930
980
927
931
981
928
932
982
929
933
983
934
984
931
985
4965
932
986
4966
933
987
4967
934
988
4968
989
4969
936
940
990
937
941
991
938
942
992
939
943
993
944
994
941
945
995
942
946
996
943
947
997
944
948
998
949
999
946
950
1000
947
951
1001
948
952
1002
949
953
1003
954
1004
951
955
1005
952
956
1006
953
957
1007
954
958
1008
959
1009
956
960
1010
957
961
1011
958
962
1012
959
963
1013
964
1014
961
965
1015
962
966
1016
963
967
1017
964
968
1018
969
1019
966
970
1020
967
971
1021
968
972
1022
969
973
1023
974
1024
971
975
1025
972
976
1026
973
977
1027
974
978
1028
979
1029
976
980
1030
977
981
1031
978
982
1032
979
983
1033
984
1034
981
985
1035
982
986
1036
983
987
1037
984
988
1038
989
1039
986
1040
5210
987
1041
5211
988
1042
5212
989
1043
5213
1044
5214
991
995
992
996
993
997
994
998
999
996
1000
997
1001
998
1002
999
1003
1004
1001
1005
1002
1006
1003
1007
1004
1008
1009
1006
1010
1007
1011
1008
1012
1009
1013
1014
1011
1015
1012
1016
1013
1017
1014
1018
1019
1016
1020
1017
1021
1018
1022
1019
1023
1024
1021
1025
1022
1026
1023
1027
1024
1028
1029
1026
1030
1027
1031
1028
1032
1029
1033
1034
1031
1035
1032
1036
1033
1037
1034
1038
1039
1036
1040
1037
1041
1038
1042
1039
1043
1044
1041
5455
1042
5456
1043
5457
1044
5458
5459
1046
1050
1290
1047
1051
1291
1048
1052
1292
1049
1053
1293
1054
1294
1051
1055
1295
1052
1056
1296
1053
1057
1297
1054
1058
1298
1059
1299
1056
1060
1300
1057
1061
1301
1058
1062
1302
1059
1063
1303
1064
1304
1061
1065
1305
1062
1066
1306
1063
1067
1307
1064
1068
1308
1069
1309
1066
1070
1310
1067
1071
1311
1068
1072
1312
1069
1073
1313
1074
1314
1071
1075
1315
1072
1076
1316
1073
1077
1317
1074
1078
1318
1079
1319
1076
1080
1320
1077
1081
1321
1078
1082
1322
1079
1083
1323
1084
1324
1081
1085
1325
1082
1086
1326
1083
1087
1327
1084
1088
1328
1089
1329
1086
1090
1330
1087
1091
1331
1088
1092
1332
1089
1093
1333
1094
1334
1091
1095
1335
1092
1096
1336
1093
1097
1337
1094
1098
1338
1099
1339
1096
1100
1340
1097
1101
1341
1098
1102
1342
1099
1103
1343
1104
1344
1101
1105
1345
1102
1106
1346
1103
1107
1347
1104
1108
1348
1109
1349
1106
1110
1350
1107
1111
1351
1108
1112
1352
1109
1113
1353
1114
1354
1111
1115
1355
1112
1116
1356
1113
1117
1357
1114
1118
1358
1119
1359
1116
1120
1360
1117
1121
1361
1118
1122
1362
1119
1123
1363
1124
1364
1121
1125
1365
1122
1126
1366
1123
1127
1367
1124
1128
1368
1129
1369
1126
1130
1370
1127
1131
1371
1128
1132
1372
1129
1133
1373
1134
1374
1131
1135
1375
1132
1136
1376
1133
1137
1377
1134
1138
1378
1139
1379
1136
1140
1380
1137
1141
1381
1138
1142
1382
1139
1143
1383
1144
1384
1141
1145
1385
1142
1146
1386
1143
1147
1387
1144
1148
1388
1149
1389
1146
1150
1390
1147
1151
1391
1148
1152
1392
1149
1153
1393
1154
1394
1151
1155
1395
1152
1156
1396
1153
1157
1397
1154
1158
1398
1159
1399
1156
1160
1400
1157
1161
1401
1158
1162
1402
1159
1163
1403
1164
1404
1161
1165
1405
1162
1166
1406
1163
1167
1407
1164
1168
1408
1169
1409
1166
1170
1410
1167
1171
1411
1168
1172
1412
1169
1173
1413
1174
1414
1171
1175
1415
1172
1176
1416
1173
1177
1417
1174
1178
1418
1179
1419
1176
1180
1420
1177
1181
1421
1178
1182
1422
1179
1183
1423
1184
1424
1181
1185
1425
1182
1186
1426
1183
1187
1427
1184
1188
1428
1189
1429
1186
1190
1430
1187
1191
1431
1188
1192
1432
1189
1193
1433
1194
1434
1191
1195
1435
1192
1196
1436
1193
1197
1437
1194
1198
1438
1199
1439
1196
1200
1440
1197
1201
1441
1198
1202
1442
1199
1203
1443
1204
1444
1201
1205
1445
1202
1206
1446
1203
1207
1447
1204
1208
1448
1209
1449
1206
1210
1450
1207
1211
1451
1208
1212
1452
1209
1213
1453
1214
1454
1211
1215
1455
1212
1216
1456
1213
1217
1457
1214
1218
1458
1219
1459
1216
1220
1460
1217
1221
1461
1218
1222
1462
1219
1223
1463
1224
1464
1221
1225
1465
1222
1226
1466
1223
1227
1467
1224
1228
1468
1229
1469
1226
1230
1470
1227
1231
1471
1228
1232
1472
1229
1233
1473
1234
1474
1231
1235
1475
1232
1236
1476
1233
1237
1477
1234
1238
1478
1239
1479
1236
1240
1480
1237
1241
1481
1238
1242
1482
1239
1243
1483
1244
1484
1241
1245
1485
1242
1246
1486
1243
1247
1487
1244
1248
1488
1249
1489
1246
1250
1490
1247
1251
1491
1248
1252
1492
1249
1253
1493
1254
1494
1251
1255
1495
1252
1256
1496
1253
1257
1497
1254
1258
1498
1259
1499
1256
1260
1500
1257
1261
1501
1258
1262
1502
1259
1263
1503
1264
1504
1261
1265
1505
1262
1266
1506
1263
1267
1507
1264
1268
1508
1269
1509
1266
1270
1510
1267
1271
1511
1268
1272
1512
1269
1273
1513
1274
1514
1271
1275
1515
1272
1276
1516
1273
1277
1517
1274
1278
1518
1279
1519
1276
1280
1520
1277
1281
1521
1278
1282
1522
1279
1283
1523
1284
1524
1281
1285
1525
1282
1286
1526
1283
1287
1527
1284
1288
1528
1289
1529
1286
1530
6650
1287
1531
6651
1288
1532
6652
1289
1533
6653
1534
6654
1291
1295
1535
1292
1296
1536
1293
1297
1537
1294
1298
1538
1299
1539
1296
1300
1540
1297
1301
1541
1298
1302
1542
1299
1303
1543
1304
1544
1301
1305
1545
1302
1306
1546
1303
1307
1547
1304
1308
1548
1309
1549
1306
1310
1550
1307
1311
1551
1308
1312
1552
1309
1313
1553
1314
1554
1311
1315
1555
1312
1316
1556
1313
1317
1557
1314
1318
1558
1319
1559
1316
1320
1560
1317
1321
1561
1318
1322
1562
1319
1323
1563
1324
1564
1321
1325
1565
1322
1326
1566
1323
1327
1567
1324
1328
1568
1329
1569
1326
1330
1570
1327
1331
1571
1328
1332
1572
1329
1333
1573
1334
1574
1331
1335
1575
1332
1336
1576
1333
1337
1577
1334
1338
1578
1339
1579
1336
1340
1580
1337
1341
1581
1338
1342
1582
1339
1343
1583
1344
1584
1341
1345
1585
1342
1346
1586
1343
1347
1587
1344
1348
1588
1349
1589
1346
1350
1590
1347
1351
1591
1348
1352
1592
1349
1353
1593
1354
1594
1351
1355
1595
1352
1356
1596
1353
1357
1597
1354
1358
1598
1359
1599
1356
1360
1600
1357
1361
1601
1358
1362
1602
1359
1363
1603
1364
1604
1361
1365
1605
1362
1366
1606
1363
1367
1607
1364
1368
1608
1369
1609
1366
1370
1610
1367
1371
1611
1368
1372
1612
1369
1373
1613
1374
1614
1371
1375
1615
1372
1376
1616
1373
1377
1617
1374
1378
1618
1379
1619
1376
1380
1620
1377
1381
1621
1378
1382
1622
1379
1383
1623
1384
1624
1381
1385
1625
1382
1386
1626
1383
1387
1627
1384
1388
1628
1389
1629
1386
1390
1630
1387
1391
1631
1388
1392
1632
1389
1393
1633
1394
1634
1391
1395
1635
1392
1396
1636
1393
1397
1637
1394
1398
1638
1399
1639
1396
1400
1640
1397
1401
1641
1398
1402
1642
1399
1403
1643
1404
1644
1401
1405
1645
1402
1406
1646
1403
1407
1647
1404
1408
1648
1409
1649
1406
1410
1650
1407
1411
1651
1408
1412
1652
1409
1413
1653
1414
1654
1411
1415
1655
1412
1416
1656
1413
1417
1657
1414
1418
1658
1419
1659
1416
1420
1660
1417
1421
1661
1418
1422
1662
1419
1423
1663
1424
1664
1421
1425
1665
1422
1426
1666
1423
1427
1667
1424
1428
1668
1429
1669
1426
1430
1670
1427
1431
1671
1428
1432
1672
1429
1433
1673
1434
1674
1431
1435
1675
1432
1436
1676
1433
1437
1677
1434
1438
1678
1439
1679
1436
1440
1680
1437
1441
1681
1438
1442
1682
1439
1443
1683
1444
1684
1441
1445
1685
1442
1446
1686
1443
1447
1687
1444
1448
1688
1449
1689
1446
1450
1690
1447
1451
1691
1448
1452
1692
1449
1453
1693
1454
1694
1451
1455
1695
1452
1456
1696
1453
1457
1697
1454
1458
1698
1459
1699
1456
1460
1700
1457
1461
1701
1458
1462
1702
1459
1463
1703
1464
1704
1461
1465
1705
1462
1466
1706
1463
1467
1707
1464
1468
1708
1469
1709
1466
1470
1710
1467
1471
1711
1468
1472
1712
1469
1473
1713
1474
1714
1471
1475
1715
1472
1476
1716
1473
1477
1717
1474
1478
1718
1479
1719
1476
1480
1720
1477
1481
1721
1478
1482
1722
1479
1483
1723
1484
1724
1481
1485
1725
1482
1486
1726
1483
1487
1727
1484
1488
1728
1489
1729
1486
1490
1730
1487
1491
1731
1488
1492
1732
1489
1493
1733
1494
1734
1491
1495
1735
1492
1496
1736
1493
1497
1737
1494
1498
1738
1499
1739
1496
1500
1740
1497
1501
1741
1498
1502
1742
1499
1503
1743
1504
1744
1501
1505
1745
1502
1506
1746
1503
1507
1747
1504
1508
1748
1509
1749
1506
1510
1750
1507
1511
1751
1508
1512
1752
1509
1513
1753
1514
1754
1511
1515
1755
1512
1516
1756
1513
1517
1757
1514
1518
1758
1519
1759
1516
1520
1760
1517
1521
1761
1518
1522
1762
1519
1523
1763
1524
1764
1521
1525
1765
1522
1526
1766
1523
1527
1767
1524
1528
1768
1529
1769
1526
1530
1770
1527
1531
1771
1528
1532
1772
1529
1533
1773
1534
1774
1531
1775
6655
1532
1776
6656
1533
1777
6657
1534
1778
6658
1779
6659
1536
1540
1780
1537
1541
1781
1538
1542
1782
1539
1543
1783
1544
1784
1541
1545
1785
1542
1546
1786
1543
1547
1787
1544
1548
1788
1549
1789
1546
1550
1790
1547
1551
1791
1548
1552
1792
1549
1553
1793
1554
1794
1551
1555
1795
1552
1556
1796
1553
1557
1797
1554
1558
1798
1559
1799
1556
1560
1800
1557
1561
1801
1558
1562
1802
1559
1563
1803
1564
1804
1561
1565
1805
1562
1566
1806
1563
1567
1807
1564
1568
1808
1569
1809
1566
1570
1810
1567
1571
1811
1568
1572
1812
1569
1573
1813
1574
1814
1571
1575
1815
1572
1576
1816
1573
1577
1817
1574
1578
1818
1579
1819
1576
1580
1820
1577
1581
1821
1578
1582
1822
1579
1583
1823
1584
1824
1581
1585
1825
1582
1586
1826
1583
1587
1827
1584
1588
1828
1589
1829
1586
1590
1830
1587
1591
1831
1588
1592
1832
1589
1593
1833
1594
1834
1591
1595
1835
1592
1596
1836
1593
1597
1837
1594
1598
1838
1599
1839
1596
1600
1840
1597
1601
1841
1598
1602
1842
1599
1603
1843
1604
1844
1601
1605
1845
1602
1606
1846
1603
1607
1847
1604
1608
1848
1609
1849
1606
1610
1850
1607
1611
1851
1608
1612
1852
1609
1613
1853
1614
1854
1611
1615
1855
1612
1616
1856
1613
1617
1857
1614
1618
1858
1619
1859
1616
1620
1860
1617
1621
1861
1618
1622
1862
1619
1623
1863
1624
1864
1621
1625
1865
1622
1626
1866
1623
1627
1867
1624
1628
1868
1629
1869
1626
1630
1870
1627
1631
1871
1628
1632
1872
1629
1633
1873
1634
1874
1631
1635
1875
1632
1636
1876
1633
1637
1877
1634
1638
1878
1639
1879
1636
1640
1880
1637
1641
1881
1638
1642
1882
1639
1643
1883
1644
1884
1641
1645
1885
1642
1646
1886
1643
1647
1887
1644
1648
1888
1649
1889
1646
1650
1890
1647
1651
1891
1648
1652
1892
1649
1653
1893
1654
1894
1651
1655
1895
1652
1656
1896
1653
1657
1897
1654
1658
1898
1659
1899
1656
1660
1900
1657
1661
1901
1658
1662
1902
1659
1663
1903
1664
1904
1661
1665
1905
1662
1666
1906
1663
1667
1907
1664
1668
1908
1669
1909
1666
1670
1910
1667
1671
1911
1668
1672
1912
1669
1673
1913
1674
1914
1671
1675
1915
1672
1676
1916
1673
1677
1917
1674
1678
1918
1679
1919
1676
1680
1920
1677
1681
1921
1678
1682
1922
1679
1683
1923
1684
1924
1681
1685
1925
1682
1686
1926
1683
1687
1927
1684
1688
1928
1689
1929
1686
1690
1930
1687
1691
1931
1688
1692
1932
1689
1693
1933
1694
1934
1691
1695
1935
1692
1696
1936
1693
1697
1937
1694
1698
1938
1699
1939
1696
1700
1940
1697
1701
1941
1698
1702
1942
1699
1703
1943
1704
1944
1701
1705
1945
1702
1706
1946
1703
1707
1947
1704
1708
1948
1709
1949
1706
1710
1950
1707
1711
1951
1708
1712
1952
1709
1713
1953
1714
1954
1711
1715
1955
1712
1716
1956
1713
1717
1957
1714
1718
1958
1719
1959
1716
1720
1960
1717
1721
1961
1718
1722
1962
1719
1723
1963
1724
1964
1721
1725
1965
1722
1726
1966
1723
1727
1967
1724
1728
1968
1729
1969
1726
1730
1970
1727
1731
1971
1728
1732
1972
1729
1733
1973
1734
1974
1731
1735
1975
1732
1736
1976
1733
1737
1977
1734
1738
1978
1739
1979
1736
1740
1980
1737
1741
1981
1738
1742
1982
1739
1743
1983
1744
1984
1741
1745
1985
1742
1746
1986
1743
1747
1987
1744
1748
1988
1749
1989
1746
1750
1990
1747
1751
1991
1748
1752
1992
1749
1753
1993
1754
1994
1751
1755
1995
1752
1756
1996
1753
1757
1997
1754
1758
1998
1759
1999
1756
1760
2000
1757
1761
2001
1758
1762
2002
1759
1763
2003
1764
2004
1761
1765
2005
1762
1766
2006
1763
1767
2007
1764
1768
2008
1769
2009
1766
1770
2010
1767
1771
2011
1768
1772
2012
1769
1773
2013
1774
2014
1771
1775
2015
1772
1776
2016
1773
1777
2017
1774
1778
2018
1779
2019
1776
2020
6660
1777
2021
6661
1778
2022
6662
1779
2023
6663
2024
6664
1781
1785
2025
1782
1786
2026
1783
1787
2027
1784
1788
2028
1789
2029
1786
1790
2030
1787
1791
2031
1788
1792
2032
1789
1793
2033
1794
2034
1791
1795
2035
1792
1796
2036
1793
1797
2037
1794
1798
2038
1799
2039
1796
1800
2040
1797
1801
2041
1798
1802
2042
1799
1803
2043
1804
2044
1801
1805
2045
1802
1806
2046
1803
1807
2047
1804
1808
2048
1809
2049
1806
1810
2050
1807
1811
2051
1808
1812
2052
1809
1813
2053
1814
2054
1811
1815
2055
1812
1816
2056
1813
1817
2057
1814
1818
2058
1819
2059
1816
1820
2060
1817
1821
2061
1818
1822
2062
1819
1823
2063
1824
2064
1821
1825
2065
1822
1826
2066
1823
1827
2067
1824
1828
2068
1829
2069
1826
1830
2070
1827
1831
2071
1828
1832
2072
1829
1833
2073
1834
2074
1831
1835
2075
1832
1836
2076
1833
1837
2077
1834
1838
2078
1839
2079
1836
1840
2080
1837
1841
2081
1838
1842
2082
1839
1843
2083
1844
2084
1841
1845
2085
1842
1846
2086
1843
1847
2087
1844
1848
2088
1849
2089
1846
1850
2090
1847
1851
2091
1848
1852
2092
1849
1853
2093
1854
2094
1851
1855
2095
1852
1856
2096
1853
1857
2097
1854
1858
2098
1859
2099
1856
1860
2100
1857
1861
2101
1858
1862
2102
1859
1863
2103
1864
2104
1861
1865
2105
1862
1866
2106
1863
1867
2107
1864
1868
2108
1869
2109
1866
1870
2110
1867
1871
2111
1868
1872
2112
1869
1873
2113
1874
2114
1871
1875
2115
1872
1876
2116
1873
1877
2117
1874
1878
2118
1879
2119
1876
1880
2120
1877
1881
2121
1878
1882
2122
1879
1883
2123
1884
2124
1881
1885
2125
1882
1886
2126
1883
1887
2127
1884
1888
2128
1889
2129
1886
1890
2130
1887
1891
2131
1888
1892
2132
1889
1893
2133
1894
2134
1891
1895
2135
1892
1896
2136
1893
1897
2137
1894
1898
2138
1899
2139
1896
1900
2140
1897
1901
2141
1898
1902
2142
1899
1903
2143
1904
2144
1901
1905
2145
1902
1906
2146
1903
1907
2147
1904
1908
2148
1909
2149
1906
1910
2150
1907
1911
2151
1908
1912
2152
1909
1913
2153
1914
2154
1911
1915
2155
1912
1916
2156
1913
1917
2157
1914
1918
2158
1919
2159
1916
1920
2160
1917
1921
2161
1918
1922
2162
1919
1923
2163
1924
2164
1921
1925
2165
1922
1926
2166
1923
1927
2167
1924
1928
2168
1929
2169
1926
1930
2170
1927
1931
2171
1928
1932
2172
1929
1933
2173
1934
2174
1931
1935
2175
1932
1936
2176
1933
1937
2177
1934
1938
2178
1939
2179
1936
1940
2180
1937
1941
2181
1938
1942
2182
1939
1943
2183
1944
2184
1941
1945
2185
1942
1946
2186
1943
1947
2187
1944
1948
2188
1949
2189
1946
1950
2190
1947
1951
2191
1948
1952
2192
1949
1953
2193
1954
2194
1951
1955
2195
1952
1956
2196
1953
1957
2197
1954
1958
2198
1959
2199
1956
1960
2200
1957
1961
2201
1958
1962
2202
1959
1963
2203
1964
2204
1961
1965
2205
1962
1966
2206
1963
1967
2207
1964
1968
2208
1969
2209
1966
1970
2210
1967
1971
2211
1968
1972
2212
1969
1973
2213
1974
2214
1971
1975
2215
1972
1976
2216
1973
1977
2217
1974
1978
2218
1979
2219
1976
1980
2220
1977
1981
2221
1978
1982
2222
1979
1983
2223
1984
2224
1981
1985
2225
1982
1986
2226
1983
1987
2227
1984
1988
2228
1989
2229
1986
1990
2230
1987
1991
2231
1988
1992
2232
1989
1993
2233
1994
2234
1991
1995
2235
1992
1996
2236
1993
1997
2237
1994
1998
2238
1999
2239
1996
2000
2240
1997
2001
2241
1998
2002
2242
1999
2003
2243
2004
2244
2001
2005
2245
2002
2006
2246
2003
2007
2247
2004
2008
2248
2009
2249
2006
2010
2250
2007
2011
2251
2008
2012
2252
2009
2013
2253
2014
2254
2011
2015
2255
2012
2016
2256
2013
2017
2257
2014
2018
2258
2019
2259
2016
2020
2260
2017
2021
2261
2018
2022
2262
2019
2023
2263
2024
2264
2021
2265
6665
2022
2266
6666
2023
2267
6667
2024
2268
6668
2269
6669
2026
2030
2270
2027
2031
2271
2028
2032
2272
2029
2033
2273
2034
2274
2031
2035
2275
2032
2036
2276
2033
2037
2277
2034
2038
2278
2039
2279
2036
2040
2280
2037
2041
2281
2038
2042
2282
2039
2043
2283
2044
2284
2041
2045
2285
2042
2046
2286
2043
2047
2287
2044
2048
2288
2049
2289
2046
2050
2290
2047
2051
2291
2048
2052
2292
2049
2053
2293
2054
2294
2051
2055
2295
2052
2056
2296
2053
2057
2297
2054
2058
2298
2059
2299
2056
2060
2300
2057
2061
2301
2058
2062
2302
2059
2063
2303
2064
2304
2061
2065
2305
2062
2066
2306
2063
2067
2307
2064
2068
2308
2069
2309
2066
2070
2310
2067
2071
2311
2068
2072
2312
2069
2073
2313
2074
2314
2071
2075
2315
2072
2076
2316
2073
2077
2317
2074
2078
2318
2079
2319
2076
2080
2320
2077
2081
2321
2078
2082
2322
2079
2083
2323
2084
2324
2081
2085
2325
2082
2086
2326
2083
2087
2327
2084
2088
2328
2089
2329
2086
2090
2330
2087
2091
2331
2088
2092
2332
2089
2093
2333
2094
2334
2091
2095
2335
2092
2096
2336
2093
2097
2337
2094
2098
2338
2099
2339
2096
2100
2340
2097
2101
2341
2098
2102
2342
2099
2103
2343
2104
2344
2101
2105
2345
2102
2106
2346
2103
2107
2347
2104
2108
2348
2109
2349
2106
2110
2350
2107
2111
2351
2108
2112
2352
2109
2113
2353
2114
2354
2111
2115
2355
2112
2116
2356
2113
2117
2357
2114
2118
2358
2119
2359
2116
2120
2360
2117
2121
2361
2118
2122
2362
2119
2123
2363
2124
2364
2121
2125
2365
2122
2126
2366
2123
2127
2367
2124
2128
2368
2129
2369
2126
2130
2370
2127
2131
2371
2128
2132
2372
2129
2133
2373
2134
2374
2131
2135
2375
2132
2136
2376
2133
2137
2377
2134
2138
2378
2139
2379
2136
2140
2380
2137
2141
2381
2138
2142
2382
2139
2143
2383
2144
2384
2141
2145
2385
2142
2146
2386
2143
2147
2387
2144
2148
2388
2149
2389
2146
2150
2390
2147
2151
2391
2148
2152
2392
2149
2153
2393
2154
2394
2151
2155
2395
2152
2156
2396
2153
2157
2397
2154
2158
2398
2159
2399
2156
2160
2400
2157
2161
2401
2158
2162
2402
2159
2163
2403
2164
2404
2161
2165
2405
2162
2166
2406
2163
2167
2407
2164
2168
2408
2169
2409
2166
2170
2410
2167
2171
2411
2168
2172
2412
2169
2173
2413
2174
2414
2171
2175
2415
2172
2176
2416
2173
2177
2417
2174
2178
2418
2179
2419
2176
2180
2420
2177
2181
2421
2178
2182
2422
2179
2183
2423
2184
2424
2181
2185
2425
2182
2186
2426
2183
2187
2427
2184
2188
2428
2189
2429
2186
2190
2430
2187
2191
2431
2188
2192
2432
2189
2193
2433
2194
2434
2191
2195
2435
2192
2196
2436
2193
2197
2437
2194
2198
2438
2199
2439
2196
2200
2440
2197
2201
2441
2198
2202
2442
2199
2203
2443
2204
2444
2201
2205
2445
2202
2206
2446
2203
2207
2447
2204
2208
2448
2209
2449
2206
2210
2450
2207
2211
2451
2208
2212
2452
2209
2213
2453
2214
2454
2211
2215
2455
2212
2216
2456
2213
2217
2457
2214
2218
2458
2219
2459
2216
2220
2460
2217
2221
2461
2218
2222
2462
2219
2223
2463
2224
2464
2221
2225
2465
2222
2226
2466
2223
2227
2467
2224
2228
2468
2229
2469
2226
2230
2470
2227
2231
2471
2228
2232
2472
2229
2233
2473
2234
2474
2231
2235
2475
2232
2236
2476
2233
2237
2477
2234
2238
2478
2239
2479
2236
2240
2480
2237
2241
2481
2238
2242
2482
2239
2243
2483
2244
2484
2241
2245
2485
2242
2246
2486
2243
2247
2487
2244
2248
2488
2249
2489
2246
2250
2490
2247
2251
2491
2248
2252
2492
2249
2253
2493
2254
2494
2251
2255
2495
2252
2256
2496
2253
2257
2497
2254
2258
2498
2259
2499
2256
2260
2500
2257
2261
2501
2258
2262
2502
2259
2263
2503
2264
2504
2261
2265
2505
2262
2266
2506
2263
2267
2507
2264
2268
2508
2269
2509
2266
2510
6670
2267
2511
6671
2268
2512
6672
2269
2513
6673
2514
6674
2271
2275
2515
2272
2276
2516
2273
2277
2517
2274
2278
2518
2279
2519
2276
2280
2520
2277
2281
2521
2278
2282
2522
2279
2283
2523
2284
2524
2281
2285
2525
2282
2286
2526
2283
2287
2527
2284
2288
2528
2289
2529
2286
2290
2530
2287
2291
2531
2288
2292
2532
2289
2293
2533
2294
2534
2291
2295
2535
2292
2296
2536
2293
2297
2537
2294
2298
2538
2299
2539
2296
2300
2540
2297
2301
2541
2298
2302
2542
2299
2303
2543
2304
2544
2301
2305
2545
2302
2306
2546
2303
2307
2547
2304
2308
2548
2309
2549
2306
2310
2550
2307
2311
2551
2308
2312
2552
2309
2313
2553
2314
2554
2311
2315
2555
2312
2316
2556
2313
2317
2557
2314
2318
2558
2319
2559
2316
2320
2560
2317
2321
2561
2318
2322
2562
2319
2323
2563
2324
2564
2321
2325
2565
2322
2326
2566
2323
2327
2567
2324
2328
2568
2329
2569
2326
2330
2570
2327
2331
2571
2328
2332
2572
2329
2333
2573
2334
2574
2331
2335
2575
2332
2336
2576
2333
2337
2577
2334
2338
2578
2339
2579
2336
2340
2580
2337
2341
2581
2338
2342
2582
2339
2343
2583
2344
2584
2341
2345
2585
2342
2346
2586
2343
2347
2587
2344
2348
2588
2349
2589
2346
2350
2590
2347
2351
2591
2348
2352
2592
2349
2353
2593
2354
2594
2351
2355
2595
2352
2356
2596
2353
2357
2597
2354
2358
2598
2359
2599
2356
2360
2600
2357
2361
2601
2358
2362
2602
2359
2363
2603
2364
2604
2361
2365
2605
2362
2366
2606
2363
2367
2607
2364
2368
2608
2369
2609
2366
2370
2610
2367
2371
2611
2368
2372
2612
2369
2373
2613
2374
2614
2371
2375
2615
2372
2376
2616
2373
2377
2617
2374
2378
2618
2379
2619
2376
2380
2620
2377
2381
2621
2378
2382
2622
2379
2383
2623
2384
2624
2381
2385
2625
2382
2386
2626
2383
2387
2627
2384
2388
2628
2389
2629
2386
2390
2630
2387
2391
2631
2388
2392
2632
2389
2393
2633
2394
2634
2391
2395
2635
2392
2396
2636
2393
2397
2637
2394
2398
2638
2399
2639
2396
2400
2640
2397
2401
2641
2398
2402
2642
2399
2403
2643
2404
2644
2401
2405
2645
2402
2406
2646
2403
2407
2647
2404
2408
2648
2409
2649
2406
2410
2650
2407
2411
2651
2408
2412
2652
2409
2413
2653
2414
2654
2411
2415
2655
2412
2416
2656
2413
2417
2657
2414
2418
2658
2419
2659
2416
2420
2660
2417
2421
2661
2418
2422
2662
2419
2423
2663
2424
2664
2421
2425
2665
2422
2426
2666
2423
2427
2667
2424
2428
2668
2429
2669
2426
2430
2670
2427
2431
2671
2428
2432
2672
2429
2433
2673
2434
2674
2431
2435
2675
2432
2436
2676
2433
2437
2677
2434
2438
2678
2439
2679
2436
2440
2680
2437
2441
2681
2438
2442
2682
2439
2443
2683
2444
2684
2441
2445
2685
2442
2446
2686
2443
2447
2687
2444
2448
2688
2449
2689
2446
2450
2690
2447
2451
2691
2448
2452
2692
2449
2453
2693
2454
2694
2451
2455
2695
2452
2456
2696
2453
2457
2697
2454
2458
2698
2459
2699
2456
2460
2700
2457
2461
2701
2458
2462
2702
2459
2463
2703
2464
2704
2461
2465
2705
2462
2466
2706
2463
2467
2707
2464
2468
2708
2469
2709
2466
2470
2710
2467
2471
2711
2468
2472
2712
2469
2473
2713
2474
2714
2471
2475
2715
2472
2476
2716
2473
2477
2717
2474
2478
2718
2479
2719
2476
2480
2720
2477
2481
2721
2478
2482
2722
2479
2483
2723
2484
2724
2481
2485
2725
2482
2486
2726
2483
2487
2727
2484
2488
2728
2489
2729
2486
2490
2730
2487
2491
2731
2488
2492
2732
2489
2493
2733
2494
2734
2491
2495
2735
2492
2496
2736
2493
2497
2737
2494
2498
2738
2499
2739
2496
2500
2740
2497
2501
2741
2498
2502
2742
2499
2503
2743
2504
2744
2501
2505
2745
2502
2506
2746
2503
2507
2747
2504
2508
2748
2509
2749
2506
2510
2750
2507
2511
2751
2508
2512
2752
2509
2513
2753
2514
2754
2511
2755
6675
2512
2756
6676
2513
2757
6677
2514
2758
6678
2759
6679
2516
2520
2760
2517
2521
2761
2518
2522
2762
2519
2523
2763
2524
2764
2521
2525
2765
2522
2526
2766
2523
2527
2767
2524
2528
2768
2529
2769
2526
2530
2770
2527
2531
2771
2528
2532
2772
2529
2533
2773
2534
2774
2531
2535
2775
2532
2536
2776
2533
2537
2777
2534
2538
2778
2539
2779
2536
2540
2780
2537
2541
2781
2538
2542
2782
2539
2543
2783
2544
2784
2541
2545
2785
2542
2546
2786
2543
2547
2787
2544
2548
2788
2549
2789
2546
2550
2790
2547
2551
2791
2548
2552
2792
2549
2553
2793
2554
2794
2551
2555
2795
2552
2556
2796
2553
2557
2797
2554
2558
2798
2559
2799
2556
2560
2800
2557
2561
2801
2558
2562
2802
2559
2563
2803
2564
2804
2561
2565
2805
2562
2566
2806
2563
2567
2807
2564
2568
2808
2569
2809
2566
2570
2810
2567
2571
2811
2568
2572
2812
2569
2573
2813
2574
2814
2571
2575
2815
2572
2576
2816
2573
2577
2817
2574
2578
2818
2579
2819
2576
2580
2820
2577
2581
2821
2578
2582
2822
2579
2583
2823
2584
2824
2581
2585
2825
2582
2586
2826
2583
2587
2827
2584
2588
2828
2589
2829
2586
2590
2830
2587
2591
2831
2588
2592
2832
2589
2593
2833
2594
2834
2591
2595
2835
2592
2596
2836
2593
2597
2837
2594
2598
2838
2599
2839
2596
2600
2840
2597
2601
2841
2598
2602
2842
2599
2603
2843
2604
2844
2601
2605
2845
2602
2606
2846
2603
2607
2847
2604
2608
2848
2609
2849
2606
2610
2850
2607
2611
2851
2608
2612
2852
2609
2613
2853
2614
2854
2611
2615
2855
2612
2616
2856
2613
2617
2857
2614
2618
2858
2619
2859
2616
2620
2860
2617
2621
2861
2618
2622
2862
2619
2623
2863
2624
2864
2621
2625
2865
2622
2626
2866
2623
2627
2867
2624
2628
2868
2629
2869
2626
2630
2870
2627
2631
2871
2628
2632
2872
2629
2633
2873
2634
2874
2631
2635
2875
2632
2636
2876
2633
2637
2877
2634
2638
2878
2639
2879
2636
2640
2880
2637
2641
2881
2638
2642
2882
2639
2643
2883
2644
2884
2641
2645
2885
2642
2646
2886
2643
2647
2887
2644
2648
2888
2649
2889
2646
2650
2890
2647
2651
2891
2648
2652
2892
2649
2653
2893
2654
2894
2651
2655
2895
2652
2656
2896
2653
2657
2897
2654
2658
2898
2659
2899
2656
2660
2900
2657
2661
2901
2658
2662
2902
2659
2663
2903
2664
2904
2661
2665
2905
2662
2666
2906
2663
2667
2907
2664
2668
2908
2669
2909
2666
2670
2910
2667
2671
2911
2668
2672
2912
2669
2673
2913
2674
2914
2671
2675
2915
2672
2676
2916
2673
2677
2917
2674
2678
2918
2679
2919
2676
2680
2920
2677
2681
2921
2678
2682
2922
2679
2683
2923
2684
2924
2681
2685
2925
2682
2686
2926
2683
2687
2927
2684
2688
2928
2689
2929
2686
2690
2930
2687
2691
2931
2688
2692
2932
2689
2693
2933
2694
2934
2691
2695
2935
2692
2696
2936
2693
2697
2937
2694
2698
2938
2699
2939
2696
2700
2940
2697
2701
2941
2698
2702
2942
2699
2703
2943
2704
2944
2701
2705
2945
2702
2706
2946
2703
2707
2947
2704
2708
2948
2709
2949
2706
2710
2950
2707
2711
2951
2708
2712
2952
2709
2713
2953
2714
2954
2711
2715
2955
2712
2716
2956
2713
2717
2957
2714
2718
2958
2719
2959
2716
2720
2960
2717
2721
2961
2718
2722
2962
2719
2723
2963
2724
2964
2721
2725
2965
2722
2726
2966
2723
2727
2967
2724
2728
2968
2729
2969
2726
2730
2970
2727
2731
2971
2728
2732
2972
2729
2733
2973
2734
2974
2731
2735
2975
2732
2736
2976
2733
2737
2977
2734
2738
2978
2739
2979
2736
2740
2980
2737
2741
2981
2738
2742
2982
2739
2743
2983
2744
2984
2741
2745
2985
2742
2746
2986
2743
2747
2987
2744
2748
2988
2749
2989
2746
2750
2990
2747
2751
2991
2748
2752
2992
2749
2753
2993
2754
2994
2751
2755
2995
2752
2756
2996
2753
2757
2997
2754
2758
2998
2759
2999
2756
3000
6680
2757
3001
6681
2758
3002
6682
2759
3003
6683
3004
6684
2761
2765
3005
2762
2766
3006
2763
2767
3007
2764
2768
3008
2769
3009
2766
2770
3010
2767
2771
3011
2768
2772
3012
2769
2773
3013
2774
3014
2771
2775
3015
2772
2776
3016
2773
2777
3017
2774
2778
3018
2779
3019
2776
2780
3020
2777
2781
3021
2778
2782
3022
2779
2783
3023
2784
3024
2781
2785
3025
2782
2786
3026
2783
2787
3027
2784
2788
3028
2789
3029
2786
2790
3030
2787
2791
3031
2788
2792
3032
2789
2793
3033
2794
3034
2791
2795
3035
2792
2796
3036
2793
2797
3037
2794
2798
3038
2799
3039
2796
2800
3040
2797
2801
3041
2798
2802
3042
2799
2803
3043
2804
3044
2801
2805
3045
2802
2806
3046
2803
2807
3047
2804
2808
3048
2809
3049
2806
2810
3050
2807
2811
3051
2808
2812
3052
2809
2813
3053
2814
3054
2811
2815
3055
2812
2816
3056
2813
2817
3057
2814
2818
3058
2819
3059
2816
2820
3060
2817
2821
3061
2818
2822
3062
2819
2823
3063
2824
3064
2821
2825
3065
2822
2826
3066
2823
2827
3067
2824
2828
3068
2829
3069
2826
2830
3070
2827
2831
3071
2828
2832
3072
2829
2833
3073
2834
3074
2831
2835
3075
2832
2836
3076
2833
2837
3077
2834
2838
3078
2839
3079
2836
2840
3080
2837
2841
3081
2838
2842
3082
2839
2843
3083
2844
3084
2841
2845
3085
2842
2846
3086
2843
2847
3087
2844
2848
3088
2849
3089
2846
2850
3090
2847
2851
3091
2848
2852
3092
2849
2853
3093
2854
3094
2851
2855
3095
2852
2856
3096
2853
2857
3097
2854
2858
3098
2859
3099
2856
2860
3100
2857
2861
3101
2858
2862
3102
2859
2863
3103
2864
3104
2861
2865
3105
2862
2866
3106
2863
2867
3107
2864
2868
3108
2869
3109
2866
2870
3110
2867
2871
3111
2868
2872
3112
2869
2873
3113
2874
3114
2871
2875
3115
2872
2876
3116
2873
2877
3117
2874
2878
3118
2879
3119
2876
2880
3120
2877
2881
3121
2878
2882
3122
2879
2883
3123
2884
3124
2881
2885
3125
2882
2886
3126
2883
2887
3127
2884
2888
3128
2889
3129
2886
2890
3130
2887
2891
3131
2888
2892
3132
2889
2893
3133
2894
3134
2891
2895
3135
2892
2896
3136
2893
2897
3137
2894
2898
3138
2899
3139
2896
2900
3140
2897
2901
3141
2898
2902
3142
2899
2903
3143
2904
3144
2901
2905
3145
2902
2906
3146
2903
2907
3147
2904
2908
3148
2909
3149
2906
2910
3150
2907
2911
3151
2908
2912
3152
2909
2913
3153
2914
3154
2911
2915
3155
2912
2916
3156
2913
2917
3157
2914
2918
3158
2919
3159
2916
2920
3160
2917
2921
3161
2918
2922
3162
2919
2923
3163
2924
3164
2921
2925
3165
2922
2926
3166
2923
2927
3167
2924
2928
3168
2929
3169
2926
2930
3170
2927
2931
3171
2928
2932
3172
2929
2933
3173
2934
3174
2931
2935
3175
2932
2936
3176
2933
2937
3177
2934
2938
3178
2939
3179
2936
2940
3180
2937
2941
3181
2938
2942
3182
2939
2943
3183
2944
3184
2941
2945
3185
2942
2946
3186
2943
2947
3187
2944
2948
3188
2949
3189
2946
2950
3190
2947
2951
3191
2948
2952
3192
2949
2953
3193
2954
3194
2951
2955
3195
2952
2956
3196
2953
2957
3197
2954
2958
3198
2959
3199
2956
2960
3200
2957
2961
3201
2958
2962
3202
2959
2963
3203
2964
3204
2961
2965
3205
2962
2966
3206
2963
2967
3207
2964
2968
3208
2969
3209
2966
2970
3210
2967
2971
3211
2968
2972
3212
2969
2973
3213
2974
3214
2971
2975
3215
2972
2976
3216
2973
2977
3217
2974
2978
3218
2979
3219
2976
2980
3220
2977
2981
3221
2978
2982
3222
2979
2983
3223
2984
3224
2981
2985
3225
2982
2986
3226
2983
2987
3227
2984
2988
3228
2989
3229
2986
2990
3230
2987
2991
3231
2988
2992
3232
2989
2993
3233
2994
3234
2991
2995
3235
2992
2996
3236
2993
2997
3237
2994
2998
3238
2999
3239
2996
3000
3240
2997
3001
3241
2998
3002
3242
2999
3003
3243
3004
3244
3001
3245
6685
3002
3246
6686
3003
3247
6687
3004
3248
6688
3249
6689
3006
3010
3250
3007
3011
3251
3008
3012
3252
3009
3013
3253
3014
3254
3011
3015
3255
3012
3016
3256
3013
3017
3257
3014
3018
3258
3019
3259
3016
3020
3260
3017
3021
3261
3018
3022
3262
3019
3023
3263
3024
3264
3021
3025
3265
3022
3026
3266
3023
3027
3267
3024
3028
3268
3029
3269
3026
3030
3270
3027
3031
3271
3028
3032
3272
3029
3033
3273
3034
3274
3031
3035
3275
3032
3036
3276
3033
3037
3277
3034
3038
3278
3039
3279
3036
3040
3280
3037
3041
3281
3038
3042
3282
3039
3043
3283
3044
3284
3041
3045
3285
3042
3046
3286
3043
3047
3287
3044
3048
3288
3049
3289
3046
3050
3290
3047
3051
3291
3048
3052
3292
3049
3053
3293
3054
3294
3051
3055
3295
3052
3056
3296
3053
3057
3297
3054
3058
3298
3059
3299
3056
3060
3300
3057
3061
3301
3058
3062
3302
3059
3063
3303
3064
3304
3061
3065
3305
3062
3066
3306
3063
3067
3307
3064
3068
3308
3069
3309
3066
3070
3310
3067
3071
3311
3068
3072
3312
3069
3073
3313
3074
3314
3071
3075
3315
3072
3076
3316
3073
3077
3317
3074
3078
3318
3079
3319
3076
3080
3320
3077
3081
3321
3078
3082
3322
3079
3083
3323
3084
3324
3081
3085
3325
3082
3086
3326
3083
3087
3327
3084
3088
3328
3089
3329
3086
3090
3330
3087
3091
3331
3088
3092
3332
3089
3093
3333
3094
3334
3091
3095
3335
3092
3096
3336
3093
3097
3337
3094
3098
3338
3099
3339
3096
3100
3340
3097
3101
3341
3098
3102
3342
3099
3103
3343
3104
3344
3101
3105
3345
3102
3106
3346
3103
3107
3347
3104
3108
3348
3109
3349
3106
3110
3350
3107
3111
3351
3108
3112
3352
3109
3113
3353
3114
3354
3111
3115
3355
3112
3116
3356
3113
3117
3357
3114
3118
3358
3119
3359
3116
3120
3360
3117
3121
3361
3118
3122
3362
3119
3123
3363
3124
3364
3121
3125
3365
3122
3126
3366
3123
3127
3367
3124
3128
3368
3129
3369
3126
3130
3370
3127
3131
3371
3128
3132
3372
3129
3133
3373
3134
3374
3131
3135
3375
3132
3136
3376
3133
3137
3377
3134
3138
3378
3139
3379
3136
3140
3380
3137
3141
3381
3138
3142
3382
3139
3143
3383
3144
3384
3141
3145
3385
3142
3146
3386
3143
3147
3387
3144
3148
3388
3149
3389
3146
3150
3390
3147
3151
3391
3148
3152
3392
3149
3153
3393
3154
3394
3151
3155
3395
3152
3156
3396
3153
3157
3397
3154
3158
3398
3159
3399
3156
3160
3400
3157
3161
3401
3158
3162
3402
3159
3163
3403
3164
3404
3161
3165
3405
3162
3166
3406
3163
3167
3407
3164
3168
3408
3169
3409
3166
3170
3410
3167
3171
3411
3168
3172
3412
3169
3173
3413
3174
3414
3171
3175
3415
3172
3176
3416
3173
3177
3417
3174
3178
3418
3179
3419
3176
3180
3420
3177
3181
3421
3178
3182
3422
3179
3183
3423
3184
3424
3181
3185
3425
3182
3186
3426
3183
3187
3427
3184
3188
3428
3189
3429
3186
3190
3430
3187
3191
3431
3188
3192
3432
3189
3193
3433
3194
3434
3191
3195
3435
3192
3196
3436
3193
3197
3437
3194
3198
3438
3199
3439
3196
3200
3440
3197
3201
3441
3198
3202
3442
3199
3203
3443
3204
3444
3201
3205
3445
3202
3206
3446
3203
3207
3447
3204
3208
3448
3209
3449
3206
3210
3450
3207
3211
3451
3208
3212
3452
3209
3213
3453
3214
3454
3211
3215
3455
3212
3216
3456
3213
3217
3457
3214
3218
3458
3219
3459
3216
3220
3460
3217
3221
3461
3218
3222
3462
3219
3223
3463
3224
3464
3221
3225
3465
3222
3226
3466
3223
3227
3467
3224
3228
3468
3229
3469
3226
3230
3470
3227
3231
3471
3228
3232
3472
3229
3233
3473
3234
3474
3231
3235
3475
3232
3236
3476
3233
3237
3477
3234
3238
3478
3239
3479
3236
3240
3480
3237
3241
3481
3238
3242
3482
3239
3243
3483
3244
3484
3241
3245
3485
3242
3246
3486
3243
3247
3487
3244
3248
3488
3249
3489
3246
3490
6690
3247
3491
6691
3248
3492
6692
3249
3493
6693
3494
6694
3251
3255
3495
3252
3256
3496
3253
3257
3497
3254
3258
3498
3259
3499
3256
3260
3500
3257
3261
3501
3258
3262
3502
3259
3263
3503
3264
3504
3261
3265
3505
3262
3266
3506
3263
3267
3507
3264
3268
3508
3269
3509
3266
3270
3510
3267
3271
3511
3268
3272
3512
3269
3273
3513
3274
3514
3271
3275
3515
3272
3276
3516
3273
3277
3517
3274
3278
3518
3279
3519
3276
3280
3520
3277
3281
3521
3278
3282
3522
3279
3283
3523
3284
3524
3281
3285
3525
3282
3286
3526
3283
3287
3527
3284
3288
3528
3289
3529
3286
3290
3530
3287
3291
3531
3288
3292
3532
3289
3293
3533
3294
3534
3291
3295
3535
3292
3296
3536
3293
3297
3537
3294
3298
3538
3299
3539
3296
3300
3540
3297
3301
3541
3298
3302
3542
3299
3303
3543
3304
3544
3301
3305
3545
3302
3306
3546
3303
3307
3547
3304
3308
3548
3309
3549
3306
3310
3550
3307
3311
3551
3308
3312
3552
3309
3313
3553
3314
3554
3311
3315
3555
3312
3316
3556
3313
3317
3557
3314
3318
3558
3319
3559
3316
3320
3560
3317
3321
3561
3318
3322
3562
3319
3323
3563
3324
3564
3321
3325
3565
3322
3326
3566
3323
3327
3567
3324
3328
3568
3329
3569
3326
3330
3570
3327
3331
3571
3328
3332
3572
3329
3333
3573
3334
3574
3331
3335
3575
3332
3336
3576
3333
3337
3577
3334
3338
3578
3339
3579
3336
3340
3580
3337
3341
3581
3338
3342
3582
3339
3343
3583
3344
3584
3341
3345
3585
3342
3346
3586
3343
3347
3587
3344
3348
3588
3349
3589
3346
3350
3590
3347
3351
3591
3348
3352
3592
3349
3353
3593
3354
3594
3351
3355
3595
3352
3356
3596
3353
3357
3597
3354
3358
3598
3359
3599
3356
3360
3600
3357
3361
3601
3358
3362
3602
3359
3363
3603
3364
3604
3361
3365
3605
3362
3366
3606
3363
3367
3607
3364
3368
3608
3369
3609
3366
3370
3610
3367
3371
3611
3368
3372
3612
3369
3373
3613
3374
3614
3371
3375
3615
3372
3376
3616
3373
3377
3617
3374
3378
3618
3379
3619
3376
3380
3620
3377
3381
3621
3378
3382
3622
3379
3383
3623
3384
3624
3381
3385
3625
3382
3386
3626
3383
3387
3627
3384
3388
3628
3389
3629
3386
3390
3630
3387
3391
3631
3388
3392
3632
3389
3393
3633
3394
3634
3391
3395
3635
3392
3396
3636
3393
3397
3637
3394
3398
3638
3399
3639
3396
3400
3640
3397
3401
3641
3398
3402
3642
3399
3403
3643
3404
3644
3401
3405
3645
3402
3406
3646
3403
3407
3647
3404
3408
3648
3409
3649
3406
3410
3650
3407
3411
3651
3408
3412
3652
3409
3413
3653
3414
3654
3411
3415
3655
3412
3416
3656
3413
3417
3657
3414
3418
3658
3419
3659
3416
3420
3660
3417
3421
3661
3418
3422
3662
3419
3423
3663
3424
3664
3421
3425
3665
3422
3426
3666
3423
3427
3667
3424
3428
3668
3429
3669
3426
3430
3670
3427
3431
3671
3428
3432
3672
3429
3433
3673
3434
3674
3431
3435
3675
3432
3436
3676
3433
3437
3677
3434
3438
3678
3439
3679
3436
3440
3680
3437
3441
3681
3438
3442
3682
3439
3443
3683
3444
3684
3441
3445
3685
3442
3446
3686
3443
3447
3687
3444
3448
3688
3449
3689
3446
3450
3690
3447
3451
3691
3448
3452
3692
3449
3453
3693
3454
3694
3451
3455
3695
3452
3456
3696
3453
3457
3697
3454
3458
3698
3459
3699
3456
3460
3700
3457
3461
3701
3458
3462
3702
3459
3463
3703
3464
3704
3461
3465
3705
3462
3466
3706
3463
3467
3707
3464
3468
3708
3469
3709
3466
3470
3710
3467
3471
3711
3468
3472
3712
3469
3473
3713
3474
3714
3471
3475
3715
3472
3476
3716
3473
3477
3717
3474
3478
3718
3479
3719
3476
3480
3720
3477
3481
3721
3478
3482
3722
3479
3483
3723
3484
3724
3481
3485
3725
3482
3486
3726
3483
3487
3727
3484
3488
3728
3489
3729
3486
3490
3730
3487
3491
3731
3488
3492
3732
3489
3493
3733
3494
3734
3491
3735
6695
3492
3736
6696
3493
3737
6697
3494
3738
6698
3739
6699
3496
3500
3740
3497
3501
3741
3498
3502
3742
3499
3503
3743
3504
3744
3501
3505
3745
3502
3506
3746
3503
3507
3747
3504
3508
3748
3509
3749
3506
3510
3750
3507
3511
3751
3508
3512
3752
3509
3513
3753
3514
3754
3511
3515
3755
3512
3516
3756
3513
3517
3757
3514
3518
3758
3519
3759
3516
3520
3760
3517
3521
3761
3518
3522
3762
3519
3523
3763
3524
3764
3521
3525
3765
3522
3526
3766
3523
3527
3767
3524
3528
3768
3529
3769
3526
3530
3770
3527
3531
3771
3528
3532
3772
3529
3533
3773
3534
3774
3531
3535
3775
3532
3536
3776
3533
3537
3777
3534
3538
3778
3539
3779
3536
3540
3780
3537
3541
3781
3538
3542
3782
3539
3543
3783
3544
3784
3541
3545
3785
3542
3546
3786
3543
3547
3787
3544
3548
3788
3549
3789
3546
3550
3790
3547
3551
3791
3548
3552
3792
3549
3553
3793
3554
3794
3551
3555
3795
3552
3556
3796
3553
3557
3797
3554
3558
3798
3559
3799
3556
3560
3800
3557
3561
3801
3558
3562
3802
3559
3563
3803
3564
3804
3561
3565
3805
3562
3566
3806
3563
3567
3807
3564
3568
3808
3569
3809
3566
3570
3810
3567
3571
3811
3568
3572
3812
3569
3573
3813
3574
3814
3571
3575
3815
3572
3576
3816
3573
3577
3817
3574
3578
3818
3579
3819
3576
3580
3820
3577
3581
3821
3578
3582
3822
3579
3583
3823
3584
3824
3581
3585
3825
3582
3586
3826
3583
3587
3827
3584
3588
3828
3589
3829
3586
3590
3830
3587
3591
3831
3588
3592
3832
3589
3593
3833
3594
3834
3591
3595
3835
3592
3596
3836
3593
3597
3837
3594
3598
3838
3599
3839
3596
3600
3840
3597
3601
3841
3598
3602
3842
3599
3603
3843
3604
3844
3601
3605
3845
3602
3606
3846
3603
3607
3847
3604
3608
3848
3609
3849
3606
3610
3850
3607
3611
3851
3608
3612
3852
3609
3613
3853
3614
3854
3611
3615
3855
3612
3616
3856
3613
3617
3857
3614
3618
3858
3619
3859
3616
3620
3860
3617
3621
3861
3618
3622
3862
3619
3623
3863
3624
3864
3621
3625
3865
3622
3626
3866
3623
3627
3867
3624
3628
3868
3629
3869
3626
3630
3870
3627
3631
3871
3628
3632
3872
3629
3633
3873
3634
3874
3631
3635
3875
3632
3636
3876
3633
3637
3877
3634
3638
3878
3639
3879
3636
3640
3880
3637
3641
3881
3638
3642
3882
3639
3643
3883
3644
3884
3641
3645
3885
3642
3646
3886
3643
3647
3887
3644
3648
3888
3649
3889
3646
3650
3890
3647
3651
3891
3648
3652
3892
3649
3653
3893
3654
3894
3651
3655
3895
3652
3656
3896
3653
3657
3897
3654
3658
3898
3659
3899
3656
3660
3900
3657
3661
3901
3658
3662
3902
3659
3663
3903
3664
3904
3661
3665
3905
3662
3666
3906
3663
3667
3907
3664
3668
3908
3669
3909
3666
3670
3910
3667
3671
3911
3668
3672
3912
3669
3673
3913
3674
3914
3671
3675
3915
3672
3676
3916
3673
3677
3917
3674
3678
3918
3679
3919
3676
3680
3920
3677
3681
3921
3678
3682
3922
3679
3683
3923
3684
3924
3681
3685
3925
3682
3686
3926
3683
3687
3927
3684
3688
3928
3689
3929
3686
3690
3930
3687
3691
3931
3688
3692
3932
3689
3693
3933
3694
3934
3691
3695
3935
3692
3696
3936
3693
3697
3937
3694
3698
3938
3699
3939
3696
3700
3940
3697
3701
3941
3698
3702
3942
3699
3703
3943
3704
3944
3701
3705
3945
3702
3706
3946
3703
3707
3947
3704
3708
3948
3709
3949
3706
3710
3950
3707
3711
3951
3708
3712
3952
3709
3713
3953
3714
3954
3711
3715
3955
3712
3716
3956
3713
3717
3957
3714
3718
3958
3719
3959
3716
3720
3960
3717
3721
3961
3718
3722
3962
3719
3723
3963
3724
3964
3721
3725
3965
3722
3726
3966
3723
3727
3967
3724
3728
3968
3729
3969
3726
3730
3970
3727
3731
3971
3728
3732
3972
3729
3733
3973
3734
3974
3731
3735
3975
3732
3736
3976
3733
3737
3977
3734
3738
3978
3739
3979
3736
3980
6700
3737
3981
6701
3738
3982
6702
3739
3983
6703
3984
6704
3741
3745
3985
3742
3746
3986
3743
3747
3987
3744
3748
3988
3749
3989
3746
3750
3990
3747
3751
3991
3748
3752
3992
3749
3753
3993
3754
3994
3751
3755
3995
3752
3756
3996
3753
3757
3997
3754
3758
3998
3759
3999
3756
3760
4000
3757
3761
4001
3758
3762
4002
3759
3763
4003
3764
4004
3761
3765
4005
3762
3766
4006
3763
3767
4007
3764
3768
4008
3769
4009
3766
3770
4010
3767
3771
4011
3768
3772
4012
3769
3773
4013
3774
4014
3771
3775
4015
3772
3776
4016
3773
3777
4017
3774
3778
4018
3779
4019
3776
3780
4020
3777
3781
4021
3778
3782
4022
3779
3783
4023
3784
4024
3781
3785
4025
3782
3786
4026
3783
3787
4027
3784
3788
4028
3789
4029
3786
3790
4030
3787
3791
4031
3788
3792
4032
3789
3793
4033
3794
4034
3791
3795
4035
3792
3796
4036
3793
3797
4037
3794
3798
4038
3799
4039
3796
3800
4040
3797
3801
4041
3798
3802
4042
3799
3803
4043
3804
4044
3801
3805
4045
3802
3806
4046
3803
3807
4047
3804
3808
4048
3809
4049
3806
3810
4050
3807
3811
4051
3808
3812
4052
3809
3813
4053
3814
4054
3811
3815
4055
3812
3816
4056
3813
3817
4057
3814
3818
4058
3819
4059
3816
3820
4060
3817
3821
4061
3818
3822
4062
3819
3823
4063
3824
4064
3821
3825
4065
3822
3826
4066
3823
3827
4067
3824
3828
4068
3829
4069
3826
3830
4070
3827
3831
4071
3828
3832
4072
3829
3833
4073
3834
4074
3831
3835
4075
3832
3836
4076
3833
3837
4077
3834
3838
4078
3839
4079
3836
3840
4080
3837
3841
4081
3838
3842
4082
3839
3843
4083
3844
4084
3841
3845
4085
3842
3846
4086
3843
3847
4087
3844
3848
4088
3849
4089
3846
3850
4090
3847
3851
4091
3848
3852
4092
3849
3853
4093
3854
4094
3851
3855
4095
3852
3856
4096
3853
3857
4097
3854
3858
4098
3859
4099
3856
3860
4100
3857
3861
4101
3858
3862
4102
3859
3863
4103
3864
4104
3861
3865
4105
3862
3866
4106
3863
3867
4107
3864
3868
4108
3869
4109
3866
3870
4110
3867
3871
4111
3868
3872
4112
3869
3873
4113
3874
4114
3871
3875
4115
3872
3876
4116
3873
3877
4117
3874
3878
4118
3879
4119
3876
3880
4120
3877
3881
4121
3878
3882
4122
3879
3883
4123
3884
4124
3881
3885
4125
3882
3886
4126
3883
3887
4127
3884
3888
4128
3889
4129
3886
3890
4130
3887
3891
4131
3888
3892
4132
3889
3893
4133
3894
4134
3891
3895
4135
3892
3896
4136
3893
3897
4137
3894
3898
4138
3899
4139
3896
3900
4140
3897
3901
4141
3898
3902
4142
3899
3903
4143
3904
4144
3901
3905
4145
3902
3906
4146
3903
3907
4147
3904
3908
4148
3909
4149
3906
3910
4150
3907
3911
4151
3908
3912
4152
3909
3913
4153
3914
4154
3911
3915
4155
3912
3916
4156
3913
3917
4157
3914
3918
4158
3919
4159
3916
3920
4160
3917
3921
4161
3918
3922
4162
3919
3923
4163
3924
4164
3921
3925
4165
3922
3926
4166
3923
3927
4167
3924
3928
4168
3929
4169
3926
3930
4170
3927
3931
4171
3928
3932
4172
3929
3933
4173
3934
4174
3931
3935
4175
3932
3936
4176
3933
3937
4177
3934
3938
4178
3939
4179
3936
3940
4180
3937
3941
4181
3938
3942
4182
3939
3943
4183
3944
4184
3941
3945
4185
3942
3946
4186
3943
3947
4187
3944
3948
4188
3949
4189
3946
3950
4190
3947
3951
4191
3948
3952
4192
3949
3953
4193
3954
4194
3951
3955
4195
3952
3956
4196
3953
3957
4197
3954
3958
4198
3959
4199
3956
3960
4200
3957
3961
4201
3958
3962
4202
3959
3963
4203
3964
4204
3961
3965
4205
3962
3966
4206
3963
3967
4207
3964
3968
4208
3969
4209
3966
3970
4210
3967
3971
4211
3968
3972
4212
3969
3973
4213
3974
4214
3971
3975
4215
3972
3976
4216
3973
3977
4217
3974
3978
4218
3979
4219
3976
3980
4220
3977
3981
4221
3978
3982
4222
3979
3983
4223
3984
4224
3981
4225
6705
3982
4226
6706
3983
4227
6707
3984
4228
6708
4229
6709
3986
3990
4230
3987
3991
4231
3988
3992
4232
3989
3993
4233
3994
4234
3991
3995
4235
3992
3996
4236
3993
3997
4237
3994
3998
4238
3999
4239
3996
4000
4240
3997
4001
4241
3998
4002
4242
3999
4003
4243
4004
4244
4001
4005
4245
4002
4006
4246
4003
4007
4247
4004
4008
4248
4009
4249
4006
4010
4250
4007
4011
4251
4008
4012
4252
4009
4013
4253
4014
4254
4011
4015
4255
4012
4016
4256
4013
4017
4257
4014
4018
4258
4019
4259
4016
4020
4260
4017
4021
4261
4018
4022
4262
4019
4023
4263
4024
4264
4021
4025
4265
4022
4026
4266
4023
4027
4267
4024
4028
4268
4029
4269
4026
4030
4270
4027
4031
4271
4028
4032
4272
4029
4033
4273
4034
4274
4031
4035
4275
4032
4036
4276
4033
4037
4277
4034
4038
4278
4039
4279
4036
4040
4280
4037
4041
4281
4038
4042
4282
4039
4043
4283
4044
4284
4041
4045
4285
4042
4046
4286
4043
4047
4287
4044
4048
4288
4049
4289
4046
4050
4290
4047
4051
4291
4048
4052
4292
4049
4053
4293
4054
4294
4051
4055
4295
4052
4056
4296
4053
4057
4297
4054
4058
4298
4059
4299
4056
4060
4300
4057
4061
4301
4058
4062
4302
4059
4063
4303
4064
4304
4061
4065
4305
4062
4066
4306
4063
4067
4307
4064
4068
4308
4069
4309
4066
4070
4310
4067
4071
4311
4068
4072
4312
4069
4073
4313
4074
4314
4071
4075
4315
4072
4076
4316
4073
4077
4317
4074
4078
4318
4079
4319
4076
4080
4320
4077
4081
4321
4078
4082
4322
4079
4083
4323
4084
4324
4081
4085
4325
4082
4086
4326
4083
4087
4327
4084
4088
4328
4089
4329
4086
4090
4330
4087
4091
4331
4088
4092
4332
4089
4093
4333
4094
4334
4091
4095
4335
4092
4096
4336
4093
4097
4337
4094
4098
4338
4099
4339
4096
4100
4340
4097
4101
4341
4098
4102
4342
4099
4103
4343
4104
4344
4101
4105
4345
4102
4106
4346
4103
4107
4347
4104
4108
4348
4109
4349
4106
4110
4350
4107
4111
4351
4108
4112
4352
4109
4113
4353
4114
4354
4111
4115
4355
4112
4116
4356
4113
4117
4357
4114
4118
4358
4119
4359
4116
4120
4360
4117
4121
4361
4118
4122
4362
4119
4123
4363
4124
4364
4121
4125
4365
4122
4126
4366
4123
4127
4367
4124
4128
4368
4129
4369
4126
4130
4370
4127
4131
4371
4128
4132
4372
4129
4133
4373
4134
4374
4131
4135
4375
4132
4136
4376
4133
4137
4377
4134
4138
4378
4139
4379
4136
4140
4380
4137
4141
4381
4138
4142
4382
4139
4143
4383
4144
4384
4141
4145
4385
4142
4146
4386
4143
4147
4387
4144
4148
4388
4149
4389
4146
4150
4390
4147
4151
4391
4148
4152
4392
4149
4153
4393
4154
4394
4151
4155
4395
4152
4156
4396
4153
4157
4397
4154
4158
4398
4159
4399
4156
4160
4400
4157
4161
4401
4158
4162
4402
4159
4163
4403
4164
4404
4161
4165
4405
4162
4166
4406
4163
4167
4407
4164
4168
4408
4169
4409
4166
4170
4410
4167
4171
4411
4168
4172
4412
4169
4173
4413
4174
4414
4171
4175
4415
4172
4176
4416
4173
4177
4417
4174
4178
4418
4179
4419
4176
4180
4420
4177
4181
4421
4178
4182
4422
4179
4183
4423
4184
4424
4181
4185
4425
4182
4186
4426
4183
4187
4427
4184
4188
4428
4189
4429
4186
4190
4430
4187
4191
4431
4188
4192
4432
4189
4193
4433
4194
4434
4191
4195
4435
4192
4196
4436
4193
4197
4437
4194
4198
4438
4199
4439
4196
4200
4440
4197
4201
4441
4198
4202
4442
4199
4203
4443
4204
4444
4201
4205
4445
4202
4206
4446
4203
4207
4447
4204
4208
4448
4209
4449
4206
4210
4450
4207
4211
4451
4208
4212
4452
4209
4213
4453
4214
4454
4211
4215
4455
4212
4216
4456
4213
4217
4457
4214
4218
4458
4219
4459
4216
4220
4460
4217
4221
4461
4218
4222
4462
4219
4223
4463
4224
4464
4221
4225
4465
4222
4226
4466
4223
4227
4467
4224
4228
4468
4229
4469
4226
4470
6710
4227
4471
6711
4228
4472
6712
4229
4473
6713
4474
6714
4231
4235
4475
4232
4236
4476
4233
4237
4477
4234
4238
4478
4239
4479
4236
4240
4480
4237
4241
4481
4238
4242
4482
4239
4243
4483
4244
4484
4241
4245
4485
4242
4246
4486
4243
4247
4487
4244
4248
4488
4249
4489
4246
4250
4490
4247
4251
4491
4248
4252
4492
4249
4253
4493
4254
4494
4251
4255
4495
4252
4256
4496
4253
4257
4497
4254
4258
4498
4259
4499
4256
4260
4500
4257
4261
4501
4258
4262
4502
4259
4263
4503
4264
4504
4261
4265
4505
4262
4266
4506
4263
4267
4507
4264
4268
4508
4269
4509
4266
4270
4510
4267
4271
4511
4268
4272
4512
4269
4273
4513
4274
4514
4271
4275
4515
4272
4276
4516
4273
4277
4517
4274
4278
4518
4279
4519
4276
4280
4520
4277
4281
4521
4278
4282
4522
4279
4283
4523
4284
4524
4281
4285
4525
4282
4286
4526
4283
4287
4527
4284
4288
4528
4289
4529
4286
4290
4530
4287
4291
4531
4288
4292
4532
4289
4293
4533
4294
4534
4291
4295
4535
4292
4296
4536
4293
4297
4537
4294
4298
4538
4299
4539
4296
4300
4540
4297
4301
4541
4298
4302
4542
4299
4303
4543
4304
4544
4301
4305
4545
4302
4306
4546
4303
4307
4547
4304
4308
4548
4309
4549
4306
4310
4550
4307
4311
4551
4308
4312
4552
4309
4313
4553
4314
4554
4311
4315
4555
4312
4316
4556
4313
4317
4557
4314
4318
4558
4319
4559
4316
4320
4560
4317
4321
4561
4318
4322
4562
4319
4323
4563
4324
4564
4321
4325
4565
4322
4326
4566
4323
4327
4567
4324
4328
4568
4329
4569
4326
4330
4570
4327
4331
4571
4328
4332
4572
4329
4333
4573
4334
4574
4331
4335
4575
4332
4336
4576
4333
4337
4577
4334
4338
4578
4339
4579
4336
4340
4580
4337
4341
4581
4338
4342
4582
4339
4343
4583
4344
4584
4341
4345
4585
4342
4346
4586
4343
4347
4587
4344
4348
4588
4349
4589
4346
4350
4590
4347
4351
4591
4348
4352
4592
4349
4353
4593
4354
4594
4351
4355
4595
4352
4356
4596
4353
4357
4597
4354
4358
4598
4359
4599
4356
4360
4600
4357
4361
4601
4358
4362
4602
4359
4363
4603
4364
4604
4361
4365
4605
4362
4366
4606
4363
4367
4607
4364
4368
4608
4369
4609
4366
4370
4610
4367
4371
4611
4368
4372
4612
4369
4373
4613
4374
4614
4371
4375
4615
4372
4376
4616
4373
4377
4617
4374
4378
4618
4379
4619
4376
4380
4620
4377
4381
4621
4378
4382
4622
4379
4383
4623
4384
4624
4381
4385
4625
4382
4386
4626
4383
4387
4627
4384
4388
4628
4389
4629
4386
4390
4630
4387
4391
4631
4388
4392
4632
4389
4393
4633
4394
4634
4391
4395
4635
4392
4396
4636
4393
4397
4637
4394
4398
4638
4399
4639
4396
4400
4640
4397
4401
4641
4398
4402
4642
4399
4403
4643
4404
4644
4401
4405
4645
4402
4406
4646
4403
4407
4647
4404
4408
4648
4409
4649
4406
4410
4650
4407
4411
4651
4408
4412
4652
4409
4413
4653
4414
4654
4411
4415
4655
4412
4416
4656
4413
4417
4657
4414
4418
4658
4419
4659
4416
4420
4660
4417
4421
4661
4418
4422
4662
4419
4423
4663
4424
4664
4421
4425
4665
4422
4426
4666
4423
4427
4667
4424
4428
4668
4429
4669
4426
4430
4670
4427
4431
4671
4428
4432
4672
4429
4433
4673
4434
4674
4431
4435
4675
4432
4436
4676
4433
4437
4677
4434
4438
4678
4439
4679
4436
4440
4680
4437
4441
4681
4438
4442
4682
4439
4443
4683
4444
4684
4441
4445
4685
4442
4446
4686
4443
4447
4687
4444
4448
4688
4449
4689
4446
4450
4690
4447
4451
4691
4448
4452
4692
4449
4453
4693
4454
4694
4451
4455
4695
4452
4456
4696
4453
4457
4697
4454
4458
4698
4459
4699
4456
4460
4700
4457
4461
4701
4458
4462
4702
4459
4463
4703
4464
4704
4461
4465
4705
4462
4466
4706
4463
4467
4707
4464
4468
4708
4469
4709
4466
4470
4710
4467
4471
4711
4468
4472
4712
4469
4473
4713
4474
4714
4471
4715
6715
4472
4716
6716
4473
4717
6717
4474
4718
6718
4719
6719
4476
4480
4720
4477
4481
4721
4478
4482
4722
4479
4483
4723
4484
4724
4481
4485
4725
4482
4486
4726
4483
4487
4727
4484
4488
4728
4489
4729
4486
4490
4730
4487
4491
4731
4488
4492
4732
4489
4493
4733
4494
4734
4491
4495
4735
4492
4496
4736
4493
4497
4737
4494
4498
4738
4499
4739
4496
4500
4740
4497
4501
4741
4498
4502
4742
4499
4503
4743
4504
4744
4501
4505
4745
4502
4506
4746
4503
4507
4747
4504
4508
4748
4509
4749
4506
4510
4750
4507
4511
4751
4508
4512
4752
4509
4513
4753
4514
4754
4511
4515
4755
4512
4516
4756
4513
4517
4757
4514
4518
4758
4519
4759
4516
4520
4760
4517
4521
4761
4518
4522
4762
4519
4523
4763
4524
4764
4521
4525
4765
4522
4526
4766
4523
4527
4767
4524
4528
4768
4529
4769
4526
4530
4770
4527
4531
4771
4528
4532
4772
4529
4533
4773
4534
4774
4531
4535
4775
4532
4536
4776
4533
4537
4777
4534
4538
4778
4539
4779
4536
4540
4780
4537
4541
4781
4538
4542
4782
4539
4543
4783
4544
4784
4541
4545
4785
4542
4546
4786
4543
4547
4787
4544
4548
4788
4549
4789
4546
4550
4790
4547
4551
4791
4548
4552
4792
4549
4553
4793
4554
4794
4551
4555
4795
4552
4556
4796
4553
4557
4797
4554
4558
4798
4559
4799
4556
4560
4800
4557
4561
4801
4558
4562
4802
4559
4563
4803
4564
4804
4561
4565
4805
4562
4566
4806
4563
4567
4807
4564
4568
4808
4569
4809
4566
4570
4810
4567
4571
4811
4568
4572
4812
4569
4573
4813
4574
4814
4571
4575
4815
4572
4576
4816
4573
4577
4817
4574
4578
4818
4579
4819
4576
4580
4820
4577
4581
4821
4578
4582
4822
4579
4583
4823
4584
4824
4581
4585
4825
4582
4586
4826
4583
4587
4827
4584
4588
4828
4589
4829
4586
4590
4830
4587
4591
4831
4588
4592
4832
4589
4593
4833
4594
4834
4591
4595
4835
4592
4596
4836
4593
4597
4837
4594
4598
4838
4599
4839
4596
4600
4840
4597
4601
4841
4598
4602
4842
4599
4603
4843
4604
4844
4601
4605
4845
4602
4606
4846
4603
4607
4847
4604
4608
4848
4609
4849
4606
4610
4850
4607
4611
4851
4608
4612
4852
4609
4613
4853
4614
4854
4611
4615
4855
4612
4616
4856
4613
4617
4857
4614
4618
4858
4619
4859
4616
4620
4860
4617
4621
4861
4618
4622
4862
4619
4623
4863
4624
4864
4621
4625
4865
4622
4626
4866
4623
4627
4867
4624
4628
4868
4629
4869
4626
4630
4870
4627
4631
4871
4628
4632
4872
4629
4633
4873
4634
4874
4631
4635
4875
4632
4636
4876
4633
4637
4877
4634
4638
4878
4639
4879
4636
4640
4880
4637
4641
4881
4638
4642
4882
4639
4643
4883
4644
4884
4641
4645
4885
4642
4646
4886
4643
4647
4887
4644
4648
4888
4649
4889
4646
4650
4890
4647
4651
4891
4648
4652
4892
4649
4653
4893
4654
4894
4651
4655
4895
4652
4656
4896
4653
4657
4897
4654
4658
4898
4659
4899
4656
4660
4900
4657
4661
4901
4658
4662
4902
4659
4663
4903
4664
4904
4661
4665
4905
4662
4666
4906
4663
4667
4907
4664
4668
4908
4669
4909
4666
4670
4910
4667
4671
4911
4668
4672
4912
4669
4673
4913
4674
4914
4671
4675
4915
4672
4676
4916
4673
4677
4917
4674
4678
4918
4679
4919
4676
4680
4920
4677
4681
4921
4678
4682
4922
4679
4683
4923
4684
4924
4681
4685
4925
4682
4686
4926
4683
4687
4927
4684
4688
4928
4689
4929
4686
4690
4930
4687
4691
4931
4688
4692
4932
4689
4693
4933
4694
4934
4691
4695
4935
4692
4696
4936
4693
4697
4937
4694
4698
4938
4699
4939
4696
4700
4940
4697
4701
4941
4698
4702
4942
4699
4703
4943
4704
4944
4701
4705
4945
4702
4706
4946
4703
4707
4947
4704
4708
4948
4709
4949
4706
4710
4950
4707
4711
4951
4708
4712
4952
4709
4713
4953
4714
4954
4711
4715
4955
4712
4716
4956
4713
4717
4957
4714
4718
4958
4719
4959
4716
4960
6720
4717
4961
6721
4718
4962
6722
4719
4963
6723
4964
6724
4721
4725
4965
4722
4726
4966
4723
4727
4967
4724
4728
4968
4729
4969
4726
4730
4970
4727
4731
4971
4728
4732
4972
4729
4733
4973
4734
4974
4731
4735
4975
4732
4736
4976
4733
4737
4977
4734
4738
4978
4739
4979
4736
4740
4980
4737
4741
4981
4738
4742
4982
4739
4743
4983
4744
4984
4741
4745
4985
4742
4746
4986
4743
4747
4987
4744
4748
4988
4749
4989
4746
4750
4990
4747
4751
4991
4748
4752
4992
4749
4753
4993
4754
4994
4751
4755
4995
4752
4756
4996
4753
4757
4997
4754
4758
4998
4759
4999
4756
4760
5000
4757
4761
5001
4758
4762
5002
4759
4763
5003
4764
5004
4761
4765
5005
4762
4766
5006
4763
4767
5007
4764
4768
5008
4769
5009
4766
4770
5010
4767
4771
5011
4768
4772
5012
4769
4773
5013
4774
5014
4771
4775
5015
4772
4776
5016
4773
4777
5017
4774
4778
5018
4779
5019
4776
4780
5020
4777
4781
5021
4778
4782
5022
4779
4783
5023
4784
5024
4781
4785
5025
4782
4786
5026
4783
4787
5027
4784
4788
5028
4789
5029
4786
4790
5030
4787
4791
5031
4788
4792
5032
4789
4793
5033
4794
5034
4791
4795
5035
4792
4796
5036
4793
4797
5037
4794
4798
5038
4799
5039
4796
4800
5040
4797
4801
5041
4798
4802
5042
4799
4803
5043
4804
5044
4801
4805
5045
4802
4806
5046
4803
4807
5047
4804
4808
5048
4809
5049
4806
4810
5050
4807
4811
5051
4808
4812
5052
4809
4813
5053
4814
5054
4811
4815
5055
4812
4816
5056
4813
4817
5057
4814
4818
5058
4819
5059
4816
4820
5060
4817
4821
5061
4818
4822
5062
4819
4823
5063
4824
5064
4821
4825
5065
4822
4826
5066
4823
4827
5067
4824
4828
5068
4829
5069
4826
4830
5070
4827
4831
5071
4828
4832
5072
4829
4833
5073
4834
5074
4831
4835
5075
4832
4836
5076
4833
4837
5077
4834
4838
5078
4839
5079
4836
4840
5080
4837
4841
5081
4838
4842
5082
4839
4843
5083
4844
5084
4841
4845
5085
4842
4846
5086
4843
4847
5087
4844
4848
5088
4849
5089
4846
4850
5090
4847
4851
5091
4848
4852
5092
4849
4853
5093
4854
5094
4851
4855
5095
4852
4856
5096
4853
4857
5097
4854
4858
5098
4859
5099
4856
4860
5100
4857
4861
5101
4858
4862
5102
4859
4863
5103
4864
5104
4861
4865
5105
4862
4866
5106
4863
4867
5107
4864
4868
5108
4869
5109
4866
4870
5110
4867
4871
5111
4868
4872
5112
4869
4873
5113
4874
5114
4871
4875
5115
4872
4876
5116
4873
4877
5117
4874
4878
5118
4879
5119
4876
4880
5120
4877
4881
5121
4878
4882
5122
4879
4883
5123
4884
5124
4881
4885
5125
4882
4886
5126
4883
4887
5127
4884
4888
5128
4889
5129
4886
4890
5130
4887
4891
5131
4888
4892
5132
4889
4893
5133
4894
5134
4891
4895
5135
4892
4896
5136
4893
4897
5137
4894
4898
5138
4899
5139
4896
4900
5140
4897
4901
5141
4898
4902
5142
4899
4903
5143
4904
5144
4901
4905
5145
4902
4906
5146
4903
4907
5147
4904
4908
5148
4909
5149
4906
4910
5150
4907
4911
5151
4908
4912
5152
4909
4913
5153
4914
5154
4911
4915
5155
4912
4916
5156
4913
4917
5157
4914
4918
5158
4919
5159
4916
4920
5160
4917
4921
5161
4918
4922
5162
4919
4923
5163
4924
5164
4921
4925
5165
4922
4926
5166
4923
4927
5167
4924
4928
5168
4929
5169
4926
4930
5170
4927
4931
5171
4928
4932
5172
4929
4933
5173
4934
5174
4931
4935
5175
4932
4936
5176
4933
4937
5177
4934
4938
5178
4939
5179
4936
4940
5180
4937
4941
5181
4938
4942
5182
4939
4943
5183
4944
5184
4941
4945
5185
4942
4946
5186
4943
4947
5187
4944
4948
5188
4949
5189
4946
4950
5190
4947
4951
5191
4948
4952
5192
4949
4953
5193
4954
5194
4951
4955
5195
4952
4956
5196
4953
4957
5197
4954
4958
5198
4959
5199
4956
4960
5200
4957
4961
5201
4958
4962
5202
4959
4963
5203
4964
5204
4961
5205
6725
4962
5206
6726
4963
5207
6727
4964
5208
6728
5209
6729
4966
4970
5210
4967
4971
5211
4968
4972
5212
4969
4973
5213
4974
5214
4971
4975
5215
4972
4976
5216
4973
4977
5217
4974
4978
5218
4979
5219
4976
4980
5220
4977
4981
5221
4978
4982
5222
4979
4983
5223
4984
5224
4981
4985
5225
4982
4986
5226
4983
4987
5227
4984
4988
5228
4989
5229
4986
4990
5230
4987
4991
5231
4988
4992
5232
4989
4993
5233
4994
5234
4991
4995
5235
4992
4996
5236
4993
4997
5237
4994
4998
5238
4999
5239
4996
5000
5240
4997
5001
5241
4998
5002
5242
4999
5003
5243
5004
5244
5001
5005
5245
5002
5006
5246
5003
5007
5247
5004
5008
5248
5009
5249
5006
5010
5250
5007
5011
5251
5008
5012
5252
5009
5013
5253
5014
5254
5011
5015
5255
5012
5016
5256
5013
5017
5257
5014
5018
5258
5019
5259
5016
5020
5260
5017
5021
5261
5018
5022
5262
5019
5023
5263
5024
5264
5021
5025
5265
5022
5026
5266
5023
5027
5267
5024
5028
5268
5029
5269
5026
5030
5270
5027
5031
5271
5028
5032
5272
5029
5033
5273
5034
5274
5031
5035
5275
5032
5036
5276
5033
5037
5277
5034
5038
5278
5039
5279
5036
5040
5280
5037
5041
5281
5038
5042
5282
5039
5043
5283
5044
5284
5041
5045
5285
5042
5046
5286
5043
5047
5287
5044
5048
5288
5049
5289
5046
5050
5290
5047
5051
5291
5048
5052
5292
5049
5053
5293
5054
5294
5051
5055
5295
5052
5056
5296
5053
5057
5297
5054
5058
5298
5059
5299
5056
5060
5300
5057
5061
5301
5058
5062
5302
5059
5063
5303
5064
5304
5061
5065
5305
5062
5066
5306
5063
5067
5307
5064
5068
5308
5069
5309
5066
5070
5310
5067
5071
5311
5068
5072
5312
5069
5073
5313
5074
5314
5071
5075
5315
5072
5076
5316
5073
5077
5317
5074
5078
5318
5079
5319
5076
5080
5320
5077
5081
5321
5078
5082
5322
5079
5083
5323
5084
5324
5081
5085
5325
5082
5086
5326
5083
5087
5327
5084
5088
5328
5089
5329
5086
5090
5330
5087
5091
5331
5088
5092
5332
5089
5093
5333
5094
5334
5091
5095
5335
5092
5096
5336
5093
5097
5337
5094
5098
5338
5099
5339
5096
5100
5340
5097
5101
5341
5098
5102
5342
5099
5103
5343
5104
5344
5101
5105
5345
5102
5106
5346
5103
5107
5347
5104
5108
5348
5109
5349
5106
5110
5350
5107
5111
5351
5108
5112
5352
5109
5113
5353
5114
5354
5111
5115
5355
5112
5116
5356
5113
5117
5357
5114
5118
5358
5119
5359
5116
5120
5360
5117
5121
5361
5118
5122
5362
5119
5123
5363
5124
5364
5121
5125
5365
5122
5126
5366
5123
5127
5367
5124
5128
5368
5129
5369
5126
5130
5370
5127
5131
5371
5128
5132
5372
5129
5133
5373
5134
5374
5131
5135
5375
5132
5136
5376
5133
5137
5377
5134
5138
5378
5139
5379
5136
5140
5380
5137
5141
5381
5138
5142
5382
5139
5143
5383
5144
5384
5141
5145
5385
5142
5146
5386
5143
5147
5387
5144
5148
5388
5149
5389
5146
5150
5390
5147
5151
5391
5148
5152
5392
5149
5153
5393
5154
5394
5151
5155
5395
5152
5156
5396
5153
5157
5397
5154
5158
5398
5159
5399
5156
5160
5400
5157
5161
5401
5158
5162
5402
5159
5163
5403
5164
5404
5161
5165
5405
5162
5166
5406
5163
5167
5407
5164
5168
5408
5169
5409
5166
5170
5410
5167
5171
5411
5168
5172
5412
5169
5173
5413
5174
5414
5171
5175
5415
5172
5176
5416
5173
5177
5417
5174
5178
5418
5179
5419
5176
5180
5420
5177
5181
5421
5178
5182
5422
5179
5183
5423
5184
5424
5181
5185
5425
5182
5186
5426
5183
5187
5427
5184
5188
5428
5189
5429
5186
5190
5430
5187
5191
5431
5188
5192
5432
5189
5193
5433
5194
5434
5191
5195
5435
5192
5196
5436
5193
5197
5437
5194
5198
5438
5199
5439
5196
5200
5440
5197
5201
5441
5198
5202
5442
5199
5203
5443
5204
5444
5201
5205
5445
5202
5206
5446
5203
5207
5447
5204
5208
5448
5209
5449
5206
5450
6730
5207
5451
6731
5208
5452
6732
5209
5453
6733
5454
6734
5211
5215
5455
5212
5216
5456
5213
5217
5457
5214
5218
5458
5219
5459
5216
5220
5460
5217
5221
5461
5218
5222
5462
5219
5223
5463
5224
5464
5221
5225
5465
5222
5226
5466
5223
5227
5467
5224
5228
5468
5229
5469
5226
5230
5470
5227
5231
5471
5228
5232
5472
5229
5233
5473
5234
5474
5231
5235
5475
5232
5236
5476
5233
5237
5477
5234
5238
5478
5239
5479
5236
5240
5480
5237
5241
5481
5238
5242
5482
5239
5243
5483
5244
5484
5241
5245
5485
5242
5246
5486
5243
5247
5487
5244
5248
5488
5249
5489
5246
5250
5490
5247
5251
5491
5248
5252
5492
5249
5253
5493
5254
5494
5251
5255
5495
5252
5256
5496
5253
5257
5497
5254
5258
5498
5259
5499
5256
5260
5500
5257
5261
5501
5258
5262
5502
5259
5263
5503
5264
5504
5261
5265
5505
5262
5266
5506
5263
5267
5507
5264
5268
5508
5269
5509
5266
5270
5510
5267
5271
5511
5268
5272
5512
5269
5273
5513
5274
5514
5271
5275
5515
5272
5276
5516
5273
5277
5517
5274
5278
5518
5279
5519
5276
5280
5520
5277
5281
5521
5278
5282
5522
5279
5283
5523
5284
5524
5281
5285
5525
5282
5286
5526
5283
5287
5527
5284
5288
5528
5289
5529
5286
5290
5530
5287
5291
5531
5288
5292
5532
5289
5293
5533
5294
5534
5291
5295
5535
5292
5296
5536
5293
5297
5537
5294
5298
5538
5299
5539
5296
5300
5540
5297
5301
5541
5298
5302
5542
5299
5303
5543
5304
5544
5301
5305
5545
5302
5306
5546
5303
5307
5547
5304
5308
5548
5309
5549
5306
5310
5550
5307
5311
5551
5308
5312
5552
5309
5313
5553
5314
5554
5311
5315
5555
5312
5316
5556
5313
5317
5557
5314
5318
5558
5319
5559
5316
5320
5560
5317
5321
5561
5318
5322
5562
5319
5323
5563
5324
5564
5321
5325
5565
5322
5326
5566
5323
5327
5567
5324
5328
5568
5329
5569
5326
5330
5570
5327
5331
5571
5328
5332
5572
5329
5333
5573
5334
5574
5331
5335
5575
5332
5336
5576
5333
5337
5577
5334
5338
5578
5339
5579
5336
5340
5580
5337
5341
5581
5338
5342
5582
5339
5343
5583
5344
5584
5341
5345
5585
5342
5346
5586
5343
5347
5587
5344
5348
5588
5349
5589
5346
5350
5590
5347
5351
5591
5348
5352
5592
5349
5353
5593
5354
5594
5351
5355
5595
5352
5356
5596
5353
5357
5597
5354
5358
5598
5359
5599
5356
5360
5600
5357
5361
5601
5358
5362
5602
5359
5363
5603
5364
5604
5361
5365
5605
5362
5366
5606
5363
5367
5607
5364
5368
5608
5369
5609
5366
5370
5610
5367
5371
5611
5368
5372
5612
5369
5373
5613
5374
5614
5371
5375
5615
5372
5376
5616
5373
5377
5617
5374
5378
5618
5379
5619
5376
5380
5620
5377
5381
5621
5378
5382
5622
5379
5383
5623
5384
5624
5381
5385
5625
5382
5386
5626
5383
5387
5627
5384
5388
5628
5389
5629
5386
5390
5630
5387
5391
5631
5388
5392
5632
5389
5393
5633
5394
5634
5391
5395
5635
5392
5396
5636
5393
5397
5637
5394
5398
5638
5399
5639
5396
5400
5640
5397
5401
5641
5398
5402
5642
5399
5403
5643
5404
5644
5401
5405
5645
5402
5406
5646
5403
5407
5647
5404
5408
5648
5409
5649
5406
5410
5650
5407
5411
5651
5408
5412
5652
5409
5413
5653
5414
5654
5411
5415
5655
5412
5416
5656
5413
5417
5657
5414
5418
5658
5419
5659
5416
5420
5660
5417
5421
5661
5418
5422
5662
5419
5423
5663
5424
5664
5421
5425
5665
5422
5426
5666
5423
5427
5667
5424
5428
5668
5429
5669
5426
5430
5670
5427
5431
5671
5428
5432
5672
5429
5433
5673
5434
5674
5431
5435
5675
5432
5436
5676
5433
5437
5677
5434
5438
5678
5439
5679
5436
5440
5680
5437
5441
5681
5438
5442
5682
5439
5443
5683
5444
5684
5441
5445
5685
5442
5446
5686
5443
5447
5687
5444
5448
5688
5449
5689
5446
5450
5690
5447
5451
5691
5448
5452
5692
5449
5453
5693
5454
5694
5451
5695
6735
5452
5696
6736
5453
5697
6737
5454
5698
6738
5699
6739
5456
5460
5457
5461
5458
5462
5459
5463
5464
5461
5465
5462
5466
5463
5467
5464
5468
5469
5466
5470
5467
5471
5468
5472
5469
5473
5474
5471
5475
5472
5476
5473
5477
5474
5478
5479
5476
5480
5477
5481
5478
5482
5479
5483
5484
5481
5485
5482
5486
5483
5487
5484
5488
5489
5486
5490
5487
5491
5488
5492
5489
5493
5494
5491
5495
5492
5496
5493
5497
5494
5498
5499
5496
5500
5497
5501
5498
5502
5499
5503
5504
5501
5505
5502
5506
5503
5507
5504
5508
5509
5506
5510
5507
5511
5508
5512
5509
5513
5514
5511
5515
5512
5516
5513
5517
5514
5518
5519
5516
5520
5517
5521
5518
5522
5519
5523
5524
5521
5525
5522
5526
5523
5527
5524
5528
5529
5526
5530
5527
5531
5528
5532
5529
5533
5534
5531
5535
5532
5536
5533
5537
5534
5538
5539
5536
5540
5537
5541
5538
5542
5539
5543
5544
5541
5545
5542
5546
5543
5547
5544
5548
5549
5546
5550
5547
5551
5548
5552
5549
5553
5554
5551
5555
5552
5556
5553
5557
5554
5558
5559
5556
5560
5557
5561
5558
5562
5559
5563
5564
5561
5565
5562
5566
5563
5567
5564
5568
5569
5566
5570
5567
5571
5568
5572
5569
5573
5574
5571
5575
5572
5576
5573
5577
5574
5578
5579
5576
5580
5577
5581
5578
5582
5579
5583
5584
5581
5585
5582
5586
5583
5587
5584
5588
5589
5586
5590
5587
5591
5588
5592
5589
5593
5594
5591
5595
5592
5596
5593
5597
5594
5598
5599
5596
5600
5597
5601
5598
5602
5599
5603
5604
5601
5605
5602
5606
5603
5607
5604
5608
5609
5606
5610
5607
5611
5608
5612
5609
5613
5614
5611
5615
5612
5616
5613
5617
5614
5618
5619
5616
5620
5617
5621
5618
5622
5619
5623
5624
5621
5625
5622
5626
5623
5627
5624
5628
5629
5626
5630
5627
5631
5628
5632
5629
5633
5634
5631
5635
5632
5636
5633
5637
5634
5638
5639
5636
5640
5637
5641
5638
5642
5639
5643
5644
5641
5645
5642
5646
5643
5647
5644
5648
5649
5646
5650
5647
5651
5648
5652
5649
5653
5654
5651
5655
5652
5656
5653
5657
5654
5658
5659
5656
5660
5657
5661
5658
5662
5659
5663
5664
5661
5665
5662
5666
5663
5667
5664
5668
5669
5666
5670
5667
5671
5668
5672
5669
5673
5674
5671
5675
5672
5676
5673
5677
5674
5678
5679
5676
5680
5677
5681
5678
5682
5679
5683
5684
5681
5685
5682
5686
5683
5687
5684
5688
5689
5686
5690
5687
5691
5688
5692
5689
5693
5694
5691
5695
5692
5696
5693
5697
5694
5698
5699
5696
6740
5697
6741
5698
6742
5699
6743
6744
5701
5705
5795
5702
5706
5796
5703
5707
5797
5704
5708
5798
5709
5799
5706
5710
5800
5707
5711
5801
5708
5712
5802
5709
5713
5803
5714
5804
5711
5715
5805
5712
5716
5806
5713
5717
5807
5714
5718
5808
5719
5809
5716
5720
5810
5717
5721
5811
5718
5722
5812
5719
5723
5813
5724
5814
5721
5725
5815
5722
5726
5816
5723
5727
5817
5724
5728
5818
5729
5819
5726
5730
5820
5727
5731
5821
5728
5732
5822
5729
5733
5823
5734
5824
5731
5735
5825
5732
5736
5826
5733
5737
5827
5734
5738
5828
5739
5829
5736
5740
5830
5737
5741
5831
5738
5742
5832
5739
5743
5833
5744
5834
5741
5745
5835
5742
5746
5836
5743
5747
5837
5744
5748
5838
5749
5839
5746
5750
5840
5747
5751
5841
5748
5752
5842
5749
5753
5843
5754
5844
5751
5755
5845
5752
5756
5846
5753
5757
5847
5754
5758
5848
5759
5849
5756
5760
5850
5757
5761
5851
5758
5762
5852
5759
5763
5853
5764
5854
5761
5765
5855
5762
5766
5856
5763
5767
5857
5764
5768
5858
5769
5859
5766
5770
5860
5767
5771
5861
5768
5772
5862
5769
5773
5863
5774
5864
5771
5775
5865
5772
5776
5866
5773
5777
5867
5774
5778
5868
5779
5869
5776
5780
5870
5777
5781
5871
5778
5782
5872
5779
5783
5873
5784
5874
5781
5785
5875
5782
5786
5876
5783
5787
5877
5784
5788
5878
5789
5879
5786
5790
5880
5787
5791
5881
5788
5792
5882
5789
5793
5883
5794
5884
5791
5885
5792
5886
5793
5887
5794
5888
5889
5796
5800
5890
5797
5801
5891
5798
5802
5892
5799
5803
5893
5804
5894
5801
5805
5895
5802
5806
5896
5803
5807
5897
5804
5808
5898
5809
5899
5806
5810
5900
5807
5811
5901
5808
5812
5902
5809
5813
5903
5814
5904
5811
5815
5905
5812
5816
5906
5813
5817
5907
5814
5818
5908
5819
5909
5816
5820
5910
5817
5821
5911
5818
5822
5912
5819
5823
5913
5824
5914
5821
5825
5915
5822
5826
5916
5823
5827
5917
5824
5828
5918
5829
5919
5826
5830
5920
5827
5831
5921
5828
5832
5922
5829
5833
5923
5834
5924
5831
5835
5925
5832
5836
5926
5833
5837
5927
5834
5838
5928
5839
5929
5836
5840
5930
5837
5841
5931
5838
5842
5932
5839
5843
5933
5844
5934
5841
5845
5935
5842
5846
5936
5843
5847
5937
5844
5848
5938
5849
5939
5846
5850
5940
5847
5851
5941
5848
5852
5942
5849
5853
5943
5854
5944
5851
5855
5945
5852
5856
5946
5853
5857
5947
5854
5858
5948
5859
5949
5856
5860
5950
5857
5861
5951
5858
5862
5952
5859
5863
5953
5864
5954
5861
5865
5955
5862
5866
5956
5863
5867
5957
5864
5868
5958
5869
5959
5866
5870
5960
5867
5871
5961
5868
5872
5962
5869
5873
5963
5874
5964
5871
5875
5965
5872
5876
5966
5873
5877
5967
5874
5878
5968
5879
5969
5876
5880
5970
5877
5881
5971
5878
5882
5972
5879
5883
5973
5884
5974
5881
5885
5975
5882
5886
5976
5883
5887
5977
5884
5888
5978
5889
5979
5886
5980
5887
5981
5888
5982
5889
5983
5984
5891
5895
5985
5892
5896
5986
5893
5897
5987
5894
5898
5988
5899
5989
5896
5900
5990
5897
5901
5991
5898
5902
5992
5899
5903
5993
5904
5994
5901
5905
5995
5902
5906
5996
5903
5907
5997
5904
5908
5998
5909
5999
5906
5910
6000
5907
5911
6001
5908
5912
6002
5909
5913
6003
5914
6004
5911
5915
6005
5912
5916
6006
5913
5917
6007
5914
5918
6008
5919
6009
5916
5920
6010
5917
5921
6011
5918
5922
6012
5919
5923
6013
5924
6014
5921
5925
6015
5922
5926
6016
5923
5927
6017
5924
5928
6018
5929
6019
5926
5930
6020
5927
5931
6021
5928
5932
6022
5929
5933
6023
5934
6024
5931
5935
6025
5932
5936
6026
5933
5937
6027
5934
5938
6028
5939
6029
5936
5940
6030
5937
5941
6031
5938
5942
6032
5939
5943
6033
5944
6034
5941
5945
6035
5942
5946
6036
5943
5947
6037
5944
5948
6038
5949
6039
5946
5950
6040
5947
5951
6041
5948
5952
6042
5949
5953
6043
5954
6044
5951
5955
6045
5952
5956
6046
5953
5957
6047
5954
5958
6048
5959
6049
5956
5960
6050
5957
5961
6051
5958
5962
6052
5959
5963
6053
5964
6054
5961
5965
6055
5962
5966
6056
5963
5967
6057
5964
5968
6058
5969
6059
5966
5970
6060
5967
5971
6061
5968
5972
6062
5969
5973
6063
5974
6064
5971
5975
6065
5972
5976
6066
5973
5977
6067
5974
5978
6068
5979
6069
5976
5980
6070
5977
5981
6071
5978
5982
6072
5979
5983
6073
5984
6074
5981
6075
5982
6076
5983
6077
5984
6078
6079
5986
5990
6080
5987
5991
6081
5988
5992
6082
5989
5993
6083
5994
6084
5991
5995
6085
5992
5996
6086
5993
5997
6087
5994
5998
6088
5999
6089
5996
6000
6090
5997
6001
6091
5998
6002
6092
5999
6003
6093
6004
6094
6001
6005
6095
6002
6006
6096
6003
6007
6097
6004
6008
6098
6009
6099
6006
6010
6100
6007
6011
6101
6008
6012
6102
6009
6013
6103
6014
6104
6011
6015
6105
6012
6016
6106
6013
6017
6107
6014
6018
6108
6019
6109
6016
6020
6110
6017
6021
6111
6018
6022
6112
6019
6023
6113
6024
6114
6021
6025
6115
6022
6026
6116
6023
6027
6117
6024
6028
6118
6029
6119
6026
6030
6120
6027
6031
6121
6028
6032
6122
6029
6033
6123
6034
6124
6031
6035
6125
6032
6036
6126
6033
6037
6127
6034
6038
6128
6039
6129
6036
6040
6130
6037
6041
6131
6038
6042
6132
6039
6043
6133
6044
6134
6041
6045
6135
6042
6046
6136
6043
6047
6137
6044
6048
6138
6049
6139
6046
6050
6140
6047
6051
6141
6048
6052
6142
6049
6053
6143
6054
6144
6051
6055
6145
6052
6056
6146
6053
6057
6147
6054
6058
6148
6059
6149
6056
6060
6150
6057
6061
6151
6058
6062
6152
6059
6063
6153
6064
6154
6061
6065
6155
6062
6066
6156
6063
6067
6157
6064
6068
6158
6069
6159
6066
6070
6160
6067
6071
6161
6068
6072
6162
6069
6073
6163
6074
6164
6071
6075
6165
6072
6076
6166
6073
6077
6167
6074
6078
6168
6079
6169
6076
6170
6077
6171
6078
6172
6079
6173
6174
6081
6085
6175
6082
6086
6176
6083
6087
6177
6084
6088
6178
6089
6179
6086
6090
6180
6087
6091
6181
6088
6092
6182
6089
6093
6183
6094
6184
6091
6095
6185
6092
6096
6186
6093
6097
6187
6094
6098
6188
6099
6189
6096
6100
6190
6097
6101
6191
6098
6102
6192
6099
6103
6193
6104
6194
6101
6105
6195
6102
6106
6196
6103
6107
6197
6104
6108
6198
6109
6199
6106
6110
6200
6107
6111
6201
6108
6112
6202
6109
6113
6203
6114
6204
6111
6115
6205
6112
6116
6206
6113
6117
6207
6114
6118
6208
6119
6209
6116
6120
6210
6117
6121
6211
6118
6122
6212
6119
6123
6213
6124
6214
6121
6125
6215
6122
6126
6216
6123
6127
6217
6124
6128
6218
6129
6219
6126
6130
6220
6127
6131
6221
6128
6132
6222
6129
6133
6223
6134
6224
6131
6135
6225
6132
6136
6226
6133
6137
6227
6134
6138
6228
6139
6229
6136
6140
6230
6137
6141
6231
6138
6142
6232
6139
6143
6233
6144
6234
6141
6145
6235
6142
6146
6236
6143
6147
6237
6144
6148
6238
6149
6239
6146
6150
6240
6147
6151
6241
6148
6152
6242
6149
6153
6243
6154
6244
6151
6155
6245
6152
6156
6246
6153
6157
6247
6154
6158
6248
6159
6249
6156
6160
6250
6157
6161
6251
6158
6162
6252
6159
6163
6253
6164
6254
6161
6165
6255
6162
6166
6256
6163
6167
6257
6164
6168
6258
6169
6259
6166
6170
6260
6167
6171
6261
6168
6172
6262
6169
6173
6263
6174
6264
6171
6265
6172
6266
6173
6267
6174
6268
6269
6176
6180
6270
6177
6181
6271
6178
6182
6272
6179
6183
6273
6184
6274
6181
6185
6275
6182
6186
6276
6183
6187
6277
6184
6188
6278
6189
6279
6186
6190
6280
6187
6191
6281
6188
6192
6282
6189
6193
6283
6194
6284
6191
6195
6285
6192
6196
6286
6193
6197
6287
6194
6198
6288
6199
6289
6196
6200
6290
6197
6201
6291
6198
6202
6292
6199
6203
6293
6204
6294
6201
6205
6295
6202
6206
6296
6203
6207
6297
6204
6208
6298
6209
6299
6206
6210
6300
6207
6211
6301
6208
6212
6302
6209
6213
6303
6214
6304
6211
6215
6305
6212
6216
6306
6213
6217
6307
6214
6218
6308
6219
6309
6216
6220
6310
6217
6221
6311
6218
6222
6312
6219
6223
6313
6224
6314
6221
6225
6315
6222
6226
6316
6223
6227
6317
6224
6228
6318
6229
6319
6226
6230
6320
6227
6231
6321
6228
6232
6322
6229
6233
6323
6234
6324
6231
6235
6325
6232
6236
6326
6233
6237
6327
6234
6238
6328
6239
6329
6236
6240
6330
6237
6241
6331
6238
6242
6332
6239
6243
6333
6244
6334
6241
6245
6335
6242
6246
6336
6243
6247
6337
6244
6248
6338
6249
6339
6246
6250
6340
6247
6251
6341
6248
6252
6342
6249
6253
6343
6254
6344
6251
6255
6345
6252
6256
6346
6253
6257
6347
6254
6258
6348
6259
6349
6256
6260
6350
6257
6261
6351
6258
6262
6352
6259
6263
6353
6264
6354
6261
6265
6355
6262
6266
6356
6263
6267
6357
6264
6268
6358
6269
6359
6266
6360
6267
6361
6268
6362
6269
6363
6364
6271
6275
6365
6272
6276
6366
6273
6277
6367
6274
6278
6368
6279
6369
6276
6280
6370
6277
6281
6371
6278
6282
6372
6279
6283
6373
6284
6374
6281
6285
6375
6282
6286
6376
6283
6287
6377
6284
6288
6378
6289
6379
6286
6290
6380
6287
6291
6381
6288
6292
6382
6289
6293
6383
6294
6384
6291
6295
6385
6292
6296
6386
6293
6297
6387
6294
6298
6388
6299
6389
6296
6300
6390
6297
6301
6391
6298
6302
6392
6299
6303
6393
6304
6394
6301
6305
6395
6302
6306
6396
6303
6307
6397
6304
6308
6398
6309
6399
6306
6310
6400
6307
6311
6401
6308
6312
6402
6309
6313
6403
6314
6404
6311
6315
6405
6312
6316
6406
6313
6317
6407
6314
6318
6408
6319
6409
6316
6320
6410
6317
6321
6411
6318
6322
6412
6319
6323
6413
6324
6414
6321
6325
6415
6322
6326
6416
6323
6327
6417
6324
6328
6418
6329
6419
6326
6330
6420
6327
6331
6421
6328
6332
6422
6329
6333
6423
6334
6424
6331
6335
6425
6332
6336
6426
6333
6337
6427
6334
6338
6428
6339
6429
6336
6340
6430
6337
6341
6431
6338
6342
6432
6339
6343
6433
6344
6434
6341
6345
6435
6342
6346
6436
6343
6347
6437
6344
6348
6438
6349
6439
6346
6350
6440
6347
6351
6441
6348
6352
6442
6349
6353
6443
6354
6444
6351
6355
6445
6352
6356
6446
6353
6357
6447
6354
6358
6448
6359
6449
6356
6360
6450
6357
6361
6451
6358
6362
6452
6359
6363
6453
6364
6454
6361
6455
6362
6456
6363
6457
6364
6458
6459
6366
6370
6460
6367
6371
6461
6368
6372
6462
6369
6373
6463
6374
6464
6371
6375
6465
6372
6376
6466
6373
6377
6467
6374
6378
6468
6379
6469
6376
6380
6470
6377
6381
6471
6378
6382
6472
6379
6383
6473
6384
6474
6381
6385
6475
6382
6386
6476
6383
6387
6477
6384
6388
6478
6389
6479
6386
6390
6480
6387
6391
6481
6388
6392
6482
6389
6393
6483
6394
6484
6391
6395
6485
6392
6396
6486
6393
6397
6487
6394
6398
6488
6399
6489
6396
6400
6490
6397
6401
6491
6398
6402
6492
6399
6403
6493
6404
6494
6401
6405
6495
6402
6406
6496
6403
6407
6497
6404
6408
6498
6409
6499
6406
6410
6500
6407
6411
6501
6408
6412
6502
6409
6413
6503
6414
6504
6411
6415
6505
6412
6416
6506
6413
6417
6507
6414
6418
6508
6419
6509
6416
6420
6510
6417
6421
6511
6418
6422
6512
6419
6423
6513
6424
6514
6421
6425
6515
6422
6426
6516
6423
6427
6517
6424
6428
6518
6429
6519
6426
6430
6520
6427
6431
6521
6428
6432
6522
6429
6433
6523
6434
6524
6431
6435
6525
6432
6436
6526
6433
6437
6527
6434
6438
6528
6439
6529
6436
6440
6530
6437
6441
6531
6438
6442
6532
6439
6443
6533
6444
6534
6441
6445
6535
6442
6446
6536
6443
6447
6537
6444
6448
6538
6449
6539
6446
6450
6540
6447
6451
6541
6448
6452
6542
6449
6453
6543
6454
6544
6451
6455
6545
6452
6456
6546
6453
6457
6547
6454
6458
6548
6459
6549
6456
6550
6457
6551
6458
6552
6459
6553
6554
6461
6465
6555
6462
6466
6556
6463
6467
6557
6464
6468
6558
6469
6559
6466
6470
6560
6467
6471
6561
6468
6472
6562
6469
6473
6563
6474
6564
6471
6475
6565
6472
6476
6566
6473
6477
6567
6474
6478
6568
6479
6569
6476
6480
6570
6477
6481
6571
6478
6482
6572
6479
6483
6573
6484
6574
6481
6485
6575
6482
6486
6576
6483
6487
6577
6484
6488
6578
6489
6579
6486
6490
6580
6487
6491
6581
6488
6492
6582
6489
6493
6583
6494
6584
6491
6495
6585
6492
6496
6586
6493
6497
6587
6494
6498
6588
6499
6589
6496
6500
6590
6497
6501
6591
6498
6502
6592
6499
6503
6593
6504
6594
6501
6505
6595
6502
6506
6596
6503
6507
6597
6504
6508
6598
6509
6599
6506
6510
6600
6507
6511
6601
6508
6512
6602
6509
6513
6603
6514
6604
6511
6515
6605
6512
6516
6606
6513
6517
6607
6514
6518
6608
6519
6609
6516
6520
6610
6517
6521
6611
6518
6522
6612
6519
6523
6613
6524
6614
6521
6525
6615
6522
6526
6616
6523
6527
6617
6524
6528
6618
6529
6619
6526
6530
6620
6527
6531
6621
6528
6532
6622
6529
6533
6623
6534
6624
6531
6535
6625
6532
6536
6626
6533
6537
6627
6534
6538
6628
6539
6629
6536
6540
6630
6537
6541
6631
6538
6542
6632
6539
6543
6633
6544
6634
6541
6545
6635
6542
6546
6636
6543
6547
6637
6544
6548
6638
6549
6639
6546
6550
6640
6547
6551
6641
6548
6552
6642
6549
6553
6643
6554
6644
6551
6645
6552
6646
6553
6647
6554
6648
6649
6556
6560
6650
6557
6561
6651
6558
6562
6652
6559
6563
6653
6564
6654
6561
6565
6655
6562
6566
6656
6563
6567
6657
6564
6568
6658
6569
6659
6566
6570
6660
6567
6571
6661
6568
6572
6662
6569
6573
6663
6574
6664
6571
6575
6665
6572
6576
6666
6573
6577
6667
6574
6578
6668
6579
6669
6576
6580
6670
6577
6581
6671
6578
6582
6672
6579
6583
6673
6584
6674
6581
6585
6675
6582
6586
6676
6583
6587
6677
6584
6588
6678
6589
6679
6586
6590
6680
6587
6591
6681
6588
6592
6682
6589
6593
6683
6594
6684
6591
6595
6685
6592
6596
6686
6593
6597
6687
6594
6598
6688
6599
6689
6596
6600
6690
6597
6601
6691
6598
6602
6692
6599
6603
6693
6604
6694
6601
6605
6695
6602
6606
6696
6603
6607
6697
6604
6608
6698
6609
6699
6606
6610
6700
6607
6611
6701
6608
6612
6702
6609
6613
6703
6614
6704
6611
6615
6705
6612
6616
6706
6613
6617
6707
6614
6618
6708
6619
6709
6616
6620
6710
6617
6621
6711
6618
6622
6712
6619
6623
6713
6624
6714
6621
6625
6715
6622
6626
6716
6623
6627
6717
6624
6628
6718
6629
6719
6626
6630
6720
6627
6631
6721
6628
6632
6722
6629
6633
6723
6634
6724
6631
6635
6725
6632
6636
6726
6633
6637
6727
6634
6638
6728
6639
6729
6636
6640
6730
6637
6641
6731
6638
6642
6732
6639
6643
6733
6644
6734
6641
6645
6735
6642
6646
6736
6643
6647
6737
6644
6648
6738
6649
6739
6646
6740
6647
6741
6648
6742
6649
6743
6744
6651
6655
6652
6656
6653
6657
6654
6658
6659
6656
6660
6657
6661
6658
6662
6659
6663
6664
6661
6665
6662
6666
6663
6667
6664
6668
6669
6666
6670
6667
6671
6668
6672
6669
6673
6674
6671
6675
6672
6676
6673
6677
6674
6678
6679
6676
6680
6677
6681
6678
6682
6679
6683
6684
6681
6685
6682
6686
6683
6687
6684
6688
6689
6686
6690
6687
6691
6688
6692
6689
6693
6694
6691
6695
6692
6696
6693
6697
6694
6698
6699
6696
6700
6697
6701
6698
6702
6699
6703
6704
6701
6705
6702
6706
6703
6707
6704
6708
6709
6706
6710
6707
6711
6708
6712
6709
6713
6714
6711
6715
6712
6716
6713
6717
6714
6718
6719
6716
6720
6717
6721
6718
6722
6719
6723
6724
6721
6725
6722
6726
6723
6727
6724
6728
6729
6726
6730
6727
6731
6728
6732
6729
6733
6734
6731
6735
6732
6736
6733
6737
6734
6738
6739
6736
6740
6737
6741
6738
6742
6739
6743
6744
6741
6742
6743
6744
)


// ************************************************************************* //
